01004358
11680244
27965981
65596111
11860813
28070170
46316925
57834053
67942256
80527293
95223667
01893473
13623780
31709787
47997779
58302549
68859589
96068998
02668037
13731149
48010549
58543264
73026656
80951405
02749222
14387500
48015273
73961373
81107800
96866538
03328459
35207735
59285951
82139198
97128740
03515223
15704064
49187639
59632159
74966661
82616055
97136374
05043200
15768997
35500028
49260263
76851099
98895749
05874747
19642661
35983551
50398925
60488763
77318459
83891744
99504966
06151490
20957183
37194727
51282695
60489927
77454526
85256235
06801870
20983911
51395359
60724306
77783514
87200955
07073416
21304885
37642479
52383455
61185879
77874073
87751690
07995008
39814901
52481505
61193563
79434864
88158855
08036279
23278942
40023267
52686932
62212947
40212603
53361707
64248640
79884491
90028238
10700106
24207384
55311648
64499495
79974869
90775602
11011176
43844415
65561718
79992044
93064335
