01004358
11680244
27965981
65596111
11860813
28070170
46316925
57834053
67942256
80527293
95223667
01893473
13623780
31709787
47997779
58302549
68859589
96068998
02668037
13731149
48010549
58543264
73026656
80951405
02749222
14387500
48015273
73961373
81107800
96866538
03328459
35207735
59285951
82139198
97128740
03515223
15704064
49187639
59632159
74966661
82616055
97136374
05043200
15768997
35500028
49260263
76851099
98895749
05874747
19642661
35983551
50398925
60488763
77318459
83891744
99504966
06151490
20957183
37194727
51282695
60489927
77454526
85256235
06801870
20983911
51395359
60724306
77783514
87200955
07073416
21304885
37642479
52383455
61185879
77874073
87751690
07995008
39814901
52481505
61193563
79434864
88158855
08036279
23278942
40023267
52686932
62212947
40212603
53361707
64248640
79884491
90028238
10700106
24207384
55311648
64499495
79974869
90775602
11011176
43844415
65561718
79992044
93064335
00057885
00367740
01232294
01354835
01851937
01944004
01948457
02030644
02428452
02858127
03128425
03340395
03501709
03505380
03662327
04266393
04320948
04910905
04915064
05277592
05323216
05410687
05555484
06038810
06156251
06463491
06477738
06560950
06639038
07455918
07751725
07947861
07983442
08040329
08311396
08452002
08779250
08814925
08869913
09298839
09584674
09619763
09779396
09880944
09942225
10468757
10878408
11005015
11443403
12007196
12050752
12119757
12151297
12204083
12334540
12431129
12480454
13153218
14055580
14089144
14203761
14319385
14525021
14772445
14825397
14938433
15207205
15422927
16095916
16173166
16637263
16928428
17458703
17743775
17767341
17818074
17887304
17913301
17917512
18066486
19288887
19334479
19705338
19761619
19768579
19793971
19942634
20018342
20074240
20231458
20452171
20461483
20995850
21068647
21285862
21621235
21764549
21770976
21825226
22025068
22211138
22452786
22980140
23562107
23772595
23832142
24418183
24523020
25102038
25187242
25578906
25765174
25809702
26058026
26086528
26157721
26231811
26465959
26817464
26900705
27082225
27120359
27315844
28571637
28888364
28912902
29096047
29106337
29145637
29731883
30043497
30274799
30553569
31475904
31782275
32059328
32277978
32459074
32619974
32657688
33320185
33473234
34234759
34285943
34428606
34783159
35011965
36265911
36287875
36310466
36829089
36902099
37243361
37255576
37391071
37691672
37776171
37883072
37973439
38169620
38170119
38454310
38654139
39525515
39532044
39544196
39705739
39976471
40209615
40246371
40961119
41128797
41153633
41289526
41420240
41686625
41999014
42024126
42115117
42228234
42354997
42559913
42648680
43271237
43275768
43390244
43818187
44362825
44395399
45493982
45514337
45642402
45784297
45826604
46461457
47035744
47880494
48051393
48169843
48429954
49383433
49518948
49546183
49714586
49989826
50354945
50420281
50493708
50500798
50579111
50624409
50814097
50992425
50999455
51257969
51268748
51371508
51860092
51941460
52213249
53700403
53714252
54013710
54868757
55303800
56021930
56027321
56422857
56509140
56984825
57011404
57255640
57540971
57642506
57852243
58375576
58494195
58638545
58807016
59349337
59673125
59796124
59840455
60416312
60528877
60613402
60815401
61012613
61226290
61358087
61633007
61944795
62059278
62141705
62212141
62406001
63214525
63412012
63706992
64191653
64329932
64401842
64502933
64512226
64740028
64887342
64935980
65018925
65177060
65449150
65504646
65617981
66231982
66400869
66557464
66735399
66842130
67126192
67152908
67191150
67634052
67851559
68153895
68203646
68219785
68518330
68655365
69009487
69626592
69691797
70503605
70927147
71605521
71889441
72376358
72500273
72857764
73026611
73074736
73178650
73410246
73484515
73851235
74015809
74328968
74379132
74455105
74562095
74616704
75100591
75205006
75382822
75392631
75423192
75727518
75761286
76012168
76113604
76192339
76297008
76349533
76399800
76784248
77075744
77138799
77176702
77283674
77335025
77440617
77590395
77906850
78027887
78144167
78918816
79041379
79114105
79189504
79391715
79605117
79630964
79893839
79896988
79921149
79958719
80201102
80465793
80478549
80663248
80725349
80813597
80915594
80986277
81188028
81364995
81432236
81517782
81558544
81983927
82015760
82299165
82365976
82454699
82508131
82511571
82541709
82566086
82602878
82681417
82694897
82735663
82859456
83165059
83353416
84104035
84148240
84266681
84439992
84557875
84617655
84767879
84830708
85356873
85481546
85577780
86534193
86679768
87078000
87292283
88192485
88503543
88708475
88787834
89182780
89439783
89566050
89582004
89720316
89861867
89929286
89958451
90440314
90494665
90834323
90905994
91009149
91217279
91328195
92180675
92780522
92788367
93012648
93470455
93496328
93531614
93671830
93683749
94219820
95269987
95408650
95965800
96455543
96640356
97297209
97358991
97418179
97509406
97670333
98132570
98743336
98779993
98822243
98976018
99255357
99293244
99302400
99623875
87114465
