Initial Line
Large
-3.396719518229453
-3.3470529864152705
-3.18429627643315
-3.376011929987119
-3.434336926802098
-3.196754797318306
-3.7141846296763052
-3.299353427910731
-3.4275810532996394
-2.126534235735477
-1.650248589768013
-1.3999550854499065
-2.58810416787216
-2.570353640460016
-2.214709680960558
-3.2670238816588473
-3.102514030401891
-2.948965082659067
-2.465929193557119
-2.147671567266827
-2.427845282257271
-3.372379428585785
-3.2464723313466735
-3.1703957221776164
-3.226310068438507
-3.18538576781397
-3.1080443607339907
-2.5572638728385138
-2.40518066632945
-2.0306997739440193
-2.4459366369428253
-2.3363147478856074
-2.140787349955542
-3.577444900111252
-3.383568401435254
-3.62874400345979
-2.5409594518785825
-2.5331415174978864
-2.362751217274102
-2.7439584512990196
-2.71011741024188
-2.6183044558904727
-1.8771868553493185
-1.7090790022475013
-1.7581864953600879
-2.3700137672817307
-2.271423980510258
-2.2199802498854
-3.228115255497228
-2.774631245793517
-2.5826512296046515
-2.2295093061177127
-1.9651041466246315
-1.7271932933148464
-2.311528121818318
-2.207760790521015
-2.2093044811441302
-1.5481674118551358
-1.2361742703322651
-0.8646108038845517
-3.3254009753010956
-2.7030920065367816
-2.569125727241426
-2.792944416526222
-2.757703168794828
-2.8856708489730956
-3.195398743009605
-3.1740653477721374
-3.10100166492191
-1.2711980776515888
-1.3620244342577448
-1.467226842713484
-2.9879228659866
-3.079702854137239
-3.3768705793361424
-1.5382634584011647
-1.4696075483857944
-1.2416413610398496
-3.1118404382462215
-3.1110899162940933
-2.929484420115056
-2.858954990306964
-2.619048464566001
-2.7584886031735545
-1.041313137449424
0.13261501090658062
0.4760841224583343
-2.9977220777350926
-3.0753618204646567
-2.7951421850681104
-2.4927138015646744
-2.5156059079324407
-2.6670505866400287
-3.072598028290172
-3.6296139418578273
-3.5995175571940203
-2.767702171130127
-2.6644702966304354
-2.399302336931983
-3.850272042108913
-3.445322733585133
-3.665164222220141
-3.9068941449665715
-3.566467116360154
-3.480901532284177
-2.6878482834975292
-2.263306466587869
-2.3322609714951374
-3.8439254533252565
-3.4960040119481413
-3.3053182706335686
-3.740859844221947
-3.794710470805186
-3.3889168777389425
-2.0173258686426037
-2.5420586730642913
-2.721205268625022
-2.9395808790574147
-2.6589708671390717
-2.1856778658168565
-2.466409094507147
-2.212257082061495
-1.9715084500303104
-3.2145085608139286
-3.1210935679573906
-2.6383829611638383
-1.7360486053732291
-1.9733846076117465
-2.0993281230566114
-2.5895380251398454
-2.7809041921360835
-2.8294612247043363
-3.406953038305968
-3.8222902195869235
-3.5942903428025823
-3.072080557782626
-2.778985828169601
-2.7215910680258784
-3.0097993252911435
-2.633411002190827
-2.766054790889381
-2.084059214901231
-1.9943711150230723
-1.9532464323485095
-2.7196278310545683
-2.7280365591315574
-2.5875714878879674
-2.5640704600216333
-2.8220212418979504
-2.326279985975334
-2.9288154294241746
-2.8353284444547895
-2.3726255247088
-2.7295707898261186
-2.252143023175028
-1.4833447738641619
-2.2473780792570173
-2.3463589761310146
-2.083047768509948
-2.0629798016144885
-2.0638145503547607
-2.1558895997731584
-2.830196713592872
-2.6688622945430005
-2.465703047319005
-3.1315695962919063
-3.205471000308088
-3.3152682150121726
-2.183763620781208
-1.749269001966518
-1.5432552627916478
-2.128945340174839
-2.1780534917545182
-2.3338311574842825
-3.9306108637097696
-3.6735139245382
-3.110005589863058
-3.443791582900883
-3.515800196365386
-3.6758890891540443
-2.753002088101908
-2.8368605316303634
-2.64548189246632
-3.935350697331063
-3.6771304835018475
-3.907370489742852
-3.9550846595386697
-3.7008257912258413
-3.6919018719355154
-0.8202602158058443
-1.320022825125448
-2.1746946906311706
-3.964125724667721
-3.7365197607225222
-3.882277186756988
-2.9123141869377056
-2.9425084816130322
-2.825454504801008
-3.1467154352382556
-3.081021143932462
-3.142427415538833
-2.9700032834247017
-2.8003288385033094
-2.3793219227235953
-3.0203771871494958
-2.804794855997862
-2.607596791677537
-3.2302556271179728
-3.032064105868687
-2.944511708988805
-3.5416074409630287
-3.167928731713782
-3.0466830497385056
-2.9526698966053617
-3.0630429797303487
-2.5159076116973424
-2.434005572745557
-2.493435695222474
-2.14886808973462
-1.971599467160507
-1.61659335024615
-1.3490143307281552
-1.9122797324294154
-1.7109358194290638
-1.4834369830903027
-2.400414590589377
-1.956589586884036
-1.768455106280423
-2.738916346076209
-2.6906325731335476
-2.173214506448545
-3.565857622952228
-3.3969670151529803
-3.4028798323145004
-2.961638195053225
-3.0005202918616667
-2.778907885162747
-3.141629882684885
-2.9529388157406493
-3.2161166539329
-2.116861650942591
-2.1319048052503557
-2.2808658414434557
-2.2154780089579154
-2.1349670192886063
-2.2931261559710396
-3.210815838468742
-2.678548744590586
-2.3298838996146487
-3.325380511389577
-3.3674482095179066
-3.4868543504272305
-2.318844467874389
-2.495002059073107
-2.37576352248195
-3.118017398352615
-3.2834662118838276
-3.1795879233413817
-2.725547363144189
-2.417930477859039
-1.9998726260256503
-3.1722475204125136
-2.966211151620307
-2.712576279406872
-3.195359162970231
-2.9065109762803933
-2.620402336298474
-2.6666240404193697
-2.4375915154113486
-2.5331120975547474
-3.32921710983201
-2.878839155535289
-3.062828842723016
-2.7185080199825657
-2.5949166930980487
-2.2795537152157554
-3.532370445591364
-3.570732625438876
-3.364589192878798
-2.1028139383496285
-2.1202069400520323
-2.0444778693737566
-3.650380568944281
-3.618829994111877
-3.393696420513289
-2.413807598768054
-2.626014915800102
-2.7530854076970765
-0.3585244152512039
-0.07390956982959573
-0.06253663136681265
-1.6392256891151096
-1.2452068079470673
-0.9813586877105696
-3.1969175876920604
-3.111118371854012
-3.0538177171432017
-3.2914167343714493
-2.652759356028599
-2.2481836025279733
-3.2475464051891594
-3.1534843826334455
-2.8839321658042048
-2.416545799277319
-2.278899117025452
-2.3341277615975202
-1.7964450068508448
-1.4259801483705759
-0.9527464131149408
-3.396717488866865
-3.3470502382952274
-3.1842925143689937
-3.3760126898359224
-3.434324675241201
-3.196754826808692
-3.7141790464186153
-3.29935293496224
-3.4275811365571354
-2.126534039429463
-1.6502498533451289
-1.3999550576976758
-2.588103975881476
-2.570351453523517
-2.214710671060101
-3.2670235375576495
-3.1025123070575695
-2.948965286041381
-2.4659293208980326
-2.1476705889570993
-2.4278435617764824
-3.372376993240029
-3.2464724899736614
-3.170395888014061
-3.226310487473086
-3.185384993234678
-3.108041365903219
-2.557261929842533
-2.405178835385987
-2.0306996426768387
-2.4459362018905617
-2.3363145101461793
-2.140786477568508
-3.5774438342966137
-3.383571865217606
-3.628742955684278
-2.5409591069447695
-2.533141459919906
-2.3627512278388973
-2.7439565188256028
-2.710116322254083
-2.6183050032035524
-1.8771887562883838
-1.7090795767997373
-1.7581862457267499
-2.370008830478673
-2.2714242139982677
-2.219979804345026
-3.228115390357093
-2.7746309814535577
-2.5826506577941526
-2.2295094660176256
-1.9651050320349093
-1.7271926503863662
-2.3115291750552016
-2.2077606276199973
-2.2093035910776413
-1.5481677381355499
-1.2361737061656488
-0.8646097643779154
-3.325400428106763
-2.703092704639187
-2.56912610016958
-2.792944390873564
-2.757703481207217
-2.8856696664364723
-3.1953999629449292
-3.1740658105876287
-3.1009978072245965
-1.271198175877498
-1.3620243547204094
-1.4672262717694393
-2.9879275191489985
-3.079702607041858
-3.3768679206745063
-1.5382632552405884
-1.4696077260986975
-1.2416419742977856
-3.1118397595810823
-3.1110906843934756
-2.9294846550788076
-2.85895578879306
-2.619048365013813
-2.7584885807422572
-1.041312118080458
0.13261460979404216
0.47608557563801157
-2.9977220633227093
-3.0753618261259366
-2.7951431515650755
-2.492711828428888
-2.5156063032623024
-2.667050365135249
-3.072598064557651
-3.629610767889056
-3.5995159947862385
-2.767702954444055
-2.6644664890113354
-2.399302283503042
-3.850269774755326
-3.4453241317447088
-3.665157338447864
-3.906895152760173
-3.566467934894007
-3.4809099650117576
-2.6878478284014413
-2.263307752049638
-2.33226171353183
-3.8439085247384606
-3.496003968414643
-3.3053188015503014
-3.7408540250376587
-3.794711313497528
-3.388916624984102
-2.017326435537314
-2.5420601500005295
-2.721208194895122
-2.9395772474548947
-2.658969965907976
-2.1856778431195543
-2.4664081072917754
-2.21225531500644
-1.9715083952356154
-3.2145083698626733
-3.121092377362873
-2.638383049665355
-1.7360485998146018
-1.9733848729140357
-2.099328544681749
-2.5895380405885233
-2.78090415223095
-2.8294529477568124
-3.4069530200137077
-3.8222695930816313
-3.5942902811279964
-3.0720763430402167
-2.7789908433040846
-2.7215908991708275
-3.0097982173712143
-2.633410958764147
-2.766054053476645
-2.084059440627092
-1.9943706144439648
-1.9532471229152266
-2.7196280378003985
-2.7280236278337946
-2.5875710952021542
-2.564077225596284
-2.8220161619141493
-2.3262793517141
-2.9288136911466456
-2.835328769106164
-2.372625199472469
-2.729566577477483
-2.2521428141921866
-1.483344744871305
-2.247376131436443
-2.3463591051699786
-2.083048873243198
-2.06297802696905
-2.0638149943153308
-2.155889703512058
-2.8301963356639526
-2.6688597996637147
-2.4657036507314225
-3.131570122996719
-3.205468011206372
-3.3152671426789633
-2.183762970190492
-1.7492689072710386
-1.5432547724476202
-2.128944908194117
-2.1780534208600693
-2.333831352419918
-3.930594719179694
-3.6735139994807353
-3.110006616297122
-3.4437908327195226
-3.51580559750878
-3.6758891767830786
-2.753003286705862
-2.836860703402432
-2.6454821343643227
-3.935346969249549
-3.6771338037227115
-3.9073696457859795
-3.9550658354473347
-3.7008286850992524
-3.6918997073643824
-0.8202585642359569
-1.3200228650881802
-2.17469491724717
-3.9641221878051516
-3.736528209992154
-3.8822769115562004
-2.912314392809102
-2.9425084648711977
-2.8254545138421374
-3.1467155533629696
-3.0810248819410093
-3.1424270593214905
-2.969990777407123
-2.8003280902486605
-2.3793304649195592
-3.0203765168699688
-2.8047947077243105
-2.6075939936510064
-3.2302551936592137
-3.0320628872377373
-2.9445185848775504
-3.541595229303418
-3.167939822678685
-3.0466860820502113
-2.952669844751288
-3.063043774351712
-2.5159083766321206
-2.4340064876820806
-2.4934346975087758
-2.148868092754139
-1.9715989393977498
-1.616593427904672
-1.3490147643627415
-1.9122799224062719
-1.7109358652529028
-1.4834371192515028
-2.400415447500488
-1.9565891907959987
-1.7684552041226165
-2.7389154298305476
-2.6906347213269317
-2.173214400582805
-3.5658593571914508
-3.3969650155979574
-3.4028800060807
-2.96164030591869
-3.0005176623094005
-2.778905967222611
-3.141629418364529
-2.952937701738345
-3.216116658138753
-2.116862624390358
-2.1319044617378466
-2.28086637816675
-2.2154776040916127
-2.134966828865268
-2.2931262832962576
-3.210814498427105
-2.678548806778349
-2.329883925582627
-3.325389162146435
-3.36744812690916
-3.4868463715910676
-2.3188454284111386
-2.4950021344191016
-2.3757642439146727
-3.118019719375113
-3.2834678170280496
-3.1795878809401446
-2.7255473338797493
-2.4179326745318472
-1.9998725931548291
-3.1722480978237435
-2.966211096995215
-2.712576336306443
-3.195359100308165
-2.906511235076467
-2.620401653333419
-2.666618855529487
-2.4375918797483638
-2.533112149798669
-3.329216540148597
-2.8788387302011222
-3.062816697275879
-2.718507810519596
-2.594917020760877
-2.279554983477865
-3.532370505477321
-3.570733278923521
-3.3645894710510107
-2.1028132958308667
-2.12020761699372
-2.0444792774452516
-3.6503779753521903
-3.6188337719288857
-3.393696290295763
-2.413808073954204
-2.6260184806522697
-2.7530844593833086
-0.3585240785196516
-0.07390964337469874
-0.06253643774925699
-1.6392243562528819
-1.2452070379800155
-0.9813582806719245
-3.1969166991260085
-3.1111181526189537
-3.053818195962032
-3.291428510153278
-2.6527594361969236
-2.248178866648701
-3.2475441066698414
-3.1534841996549
-2.883932293516051
-2.41654577708818
-2.2788997481405207
-2.334128413953512
-1.7964448782354943
-1.4259805169655428
-0.9527467212659904
-3.4743201015635723
-3.2357756167331426
-2.8930147189823314
-2.905408551526218
-2.783975849849057
-2.8865916418790762
-2.584443891562887
-2.477050249091089
-2.962662371912667
-1.9909552481479278
-1.8741503988967374
-1.2614445854541558
-1.8196102274101056
-1.861770181537796
-1.4421486471097007
-3.222355207957537
-2.9102687741287525
-2.794397314399998
-2.4640888538054746
-2.422117497513249
-2.739487902674292
-3.1131856365616883
-2.98343624801138
-2.6222407285369256
-3.16391794421468
-3.1422356698213445
-2.997973939842475
-2.653595457219442
-2.4128596889564715
-2.1637171124689853
-2.0587041544693943
-1.7489462711464248
-1.5612153669222137
-3.6811315332220187
-3.2838335828393097
-3.362042563236712
-1.7780391425765574
-1.8242923959887443
-1.831232117300071
-2.6530563877216222
-2.4489907579159835
-2.292349075213431
-1.4944085182249178
-1.4543209827254844
-1.365321403300629
-2.2199764910187914
-2.377945917276543
-2.593802197355232
-3.1816131225327835
-2.937135426899249
-2.732520394206169
-2.402228867688531
-2.3044625036179287
-2.120992453645006
-2.6462926745176256
-2.565276412656771
-2.356238056938019
-0.7881214827000419
-0.3137961676064806
0.05501318434657801
-2.8434508493339083
-2.254912464904057
-2.0000398812371367
-2.2834754899653706
-2.046591204780909
-1.8812171501572705
-3.023516960461709
-2.647215449623765
-2.375706087377714
-1.3279647112015105
-1.4285575234549488
-1.5350294498294157
-3.7192932730365844
-3.5337466822228323
-3.3321284514340954
-1.5442463717691508
-1.4924987578706603
-1.2181242491114235
-2.4030522209328984
-2.3861209263256224
-2.315264368570393
-3.1225886867936734
-2.6504676772377076
-2.467823292893401
-0.9209942388871986
-0.007765022785225062
0.2923537440701237
-3.1354670799662374
-3.140077358639934
-3.3525662446863516
-1.9508290801578325
-1.893467381532772
-1.954964566662059
-3.0627920906164885
-3.094035552904753
-2.625066314186058
-2.6856263376661342
-2.5747610976681834
-2.430141942060912
-3.9499289629827397
-3.589527599131536
-3.4266023267458765
-3.331180492282536
-2.7737492257430456
-2.7422114476683164
-2.781700321152571
-2.366802587670464
-2.1823006575739425
-3.5563046137462724
-3.983013348674402
-3.6611111361736763
-3.2538726583780617
-3.799366067051384
-3.8881074840270458
-2.516276545889683
-2.9953445371997534
-3.4146670110491146
-2.0351338288698937
-1.6101116642695743
-0.948702371668605
-1.9046561691464186
-1.8103410541510605
-1.8421199250073466
-3.196296950553852
-2.825928900543837
-2.3858864494469376
-1.9599676474566294
-2.0690847667819092
-2.1079427697927304
-2.322724527874742
-2.2744619675081075
-2.428388955089514
-3.6761730881569776
-4.019471758653769
-3.5191039703560048
-3.3433519299123295
-3.153146800488604
-3.140811006970917
-3.099731613839764
-3.1710940991509213
-3.0552090648076313
-2.059309666361324
-1.9830690264955737
-2.0642891904454093
-2.5115755025030317
-2.3383747969288
-2.1046859470198562
-2.9425688698568657
-2.543442829625692
-2.0291286425876036
-3.092512661117829
-2.7848191579713384
-2.503608162735097
-2.9465858268123237
-2.6306046267310457
-2.2188990324667426
-2.861485062460367
-3.1357168877322366
-3.2121937149048003
-2.192068972059954
-1.811045419922412
-1.8635153291499666
-2.9756586756590186
-2.78640532134939
-2.425384331225753
-2.8608881277189204
-2.8405982612137084
-2.702284177591918
-2.329084990466211
-1.9610902455793124
-1.8589054455192435
-2.051385726356787
-2.0489528276292117
-2.236868820506359
-4.067952120246954
-3.7019011001159594
-2.979230585260648
-2.758895799600263
-3.1475888341892055
-3.4089193570108596
-2.266634613018466
-2.116706348142392
-2.0633126683272973
-3.5276401156663058
-3.740307513565223
-3.8594474284351916
-3.5259965957584294
-3.1151932388610635
-3.1126477084945643
-0.21042282511227012
-0.6602968113805031
-1.0281441570723557
-3.975563476895786
-3.5988471052412585
-3.548801746867513
-2.812893064055843
-2.789381767222778
-2.7862810725212652
-3.119123406634242
-2.781988375842419
-2.5643683086628455
-3.13906800033286
-3.129356499953883
-2.6131110759927294
-2.9730335394377114
-3.064160295415076
-3.3010079913410513
-2.6712381191782253
-2.008301523224437
-2.017078436836725
-3.03921453259609
-2.758973078734427
-2.8571709982620743
-3.308763648316864
-3.4661933344625933
-2.878656325489711
-2.5614721054066107
-2.3642662209726484
-1.8167814017382975
-1.6422957366619317
-1.2954464806608454
-1.1465470543218126
-1.7977558283018296
-1.5380329254568454
-1.2457171547420431
-2.412904797210321
-2.25772953009145
-1.9487288752161571
-2.5709249853315965
-2.6004659739808442
-2.437284136488686
-3.5103561429972503
-3.4267612239945997
-3.3589486856486164
-3.707519618433356
-3.751974740807159
-3.1360143835436602
-3.0500414828078113
-2.9038696879400794
-2.8937126473943975
-2.4603434507056834
-2.616500350826671
-2.2483496759426744
-2.715109434544452
-2.650499162162898
-2.6846475303839092
-2.659422650650176
-2.8626965446322075
-2.457923813108369
-3.448424949564884
-3.104818661843283
-3.4284231624586203
-2.129097710705987
-2.0845632614339005
-1.8865732345130277
-3.3165902640903706
-3.0402660403670083
-2.563096043937199
-2.431126435615788
-2.192950876685236
-1.55321613362316
-3.315705904934908
-3.0411130649217757
-3.0629214197775276
-2.5293120734238714
-2.593044880767834
-2.3364165209929975
-2.9451448722799687
-2.7432903187761815
-2.6167492534369097
-2.548426579319999
-2.2505317146305743
-2.515480859194806
-2.1265425673191336
-1.8767936379031869
-1.4445146270125737
-3.22199228385502
-2.743589145743914
-2.6885235527215334
-2.204395141690531
-2.0060929377034755
-1.8602067563937277
-3.3824292034478995
-3.367881596328008
-3.4867649038058883
-2.3769283553335456
-2.4757733159655846
-2.6536111385622823
-0.9559410936675559
-0.5372951047973838
-0.4025831759883495
-1.3792481566352461
-1.0567232361634296
-0.7139998940531935
-3.1228697739735196
-3.141221787055465
-3.053619622301189
-3.7020519420557427
-3.396514213503513
-2.9847770807589176
-3.475547719921015
-3.3619096639041874
-3.1615227012459823
-1.5040782187958088
-1.510937452216298
-1.3772052440178268
-2.114417665072666
-1.7617488210856624
-1.3113484016539498
-3.474321460494058
-3.2357754704202506
-2.8930143451525083
-2.905408574913775
-2.783975982466158
-2.8865903735374046
-2.584444195548401
-2.477050055424152
-2.9626623221973056
-1.9909552939635315
-1.8741505417565887
-1.2614496062472504
-1.819610131532951
-1.8617706059346335
-1.442148409801263
-3.222355386669856
-2.910268695753054
-2.7943974034595893
-2.464090495625823
-2.422117436561553
-2.739486326752733
-3.113180498684895
-2.9834344056910083
-2.622240663195937
-3.1639183032625557
-3.142235709246203
-2.9979741114938365
-2.6535929598088845
-2.4128591138848483
-2.163716811441402
-2.0587029483448105
-1.7489463605883957
-1.5612154088693728
-3.681129815176929
-3.283840748334044
-3.362040494907474
-1.7780392911814002
-1.824292155981041
-1.8312320317690982
-2.6530509662855435
-2.4489902230978307
-2.2923485630079847
-1.494408433065137
-1.4543210653676923
-1.3653215506701626
-2.219975934152339
-2.3779447473162154
-2.593800693006344
-3.1816143887221395
-2.93713602039134
-2.7325239854516665
-2.402228143197426
-2.3044627306599206
-2.120991304304194
-2.646291839526595
-2.5652761760152307
-2.356241539964029
-0.7881210438807147
-0.3137965150691517
0.05501341059591183
-2.8434485555305113
-2.2549133317775096
-2.000034379949083
-2.283475605112909
-2.0465921469542145
-1.8812164596823893
-3.023517092907846
-2.6472151486227906
-2.3757068817536844
-1.3279646260497837
-1.4285576252666152
-1.5350296523522138
-3.7192905302000576
-3.533745525425099
-3.3321298118444904
-1.5442462413381197
-1.4924964521770252
-1.21812495231824
-2.403052332663148
-2.386126320615711
-2.3152642588921566
-3.122586662940062
-2.6504677755510855
-2.4678232263298634
-0.9209907838289423
-0.007765672675740576
0.2923540301110415
-3.1354664220044244
-3.1400783657645484
-3.3525621394074814
-1.9508312835298562
-1.8934720543188766
-1.9549647170622688
-3.0627920993230298
-3.094034805197092
-2.6250696422382545
-2.68562451103465
-2.5747609163329956
-2.4301431969408385
-3.949930526235287
-3.5895257837969545
-3.426601575475212
-3.3311771587693926
-2.773750435272775
-2.7422119910549063
-2.7816975805311728
-2.366801555704045
-2.1823026415910873
-3.556305422985685
-3.983008154350696
-3.661110958623139
-3.2538756373000735
-3.7993661871059583
-3.888105495208656
-2.5162770321305907
-2.9953401072519066
-3.414666292700349
-2.0351333241555953
-1.610110264179272
-0.9487034211421779
-1.9046563339155986
-1.81034092416616
-1.8421096522766895
-3.196295576494941
-2.825928702263136
-2.385888324786564
-1.9599686093662023
-2.069083123320741
-2.107938582917204
-2.322723610897042
-2.2744620681529293
-2.4283814723564308
-3.676173189331424
-4.019454403326055
-3.51910434390648
-3.3433492977274826
-3.1531474125494556
-3.140811281174175
-3.0997323959008765
-3.171092538723845
-3.0552015027359563
-2.059307607203239
-1.9830670480889614
-2.06428915226986
-2.511575269570829
-2.3383742888035663
-2.104686051497267
-2.9425659272690146
-2.543442582027199
-2.0291292581533176
-3.092510807132529
-2.784814654991978
-2.5036114615437297
-2.9465862052852785
-2.63060373323663
-2.218898930664017
-2.861489672384179
-3.1357160713351595
-3.2121918122077684
-2.19206819386808
-1.811046124465526
-1.8635155434315693
-2.975656709940134
-2.786403164895232
-2.4253827882995345
-2.8608875679140144
-2.840597810630385
-2.7022864633906583
-2.3290826098198263
-1.9610906868446847
-1.8589050027541476
-2.051385556182307
-2.0489539747559364
-2.236867648728924
-4.06794979215162
-3.701888644704412
-2.9792282276982167
-2.758895632513183
-3.147589951549651
-3.408919230434086
-2.2666351849381234
-2.1167056997848746
-2.063312473025473
-3.527639365411008
-3.7403028787276633
-3.859446597277939
-3.5259907614177783
-3.1151940922966688
-3.1126475806760334
-0.21042203551799804
-0.6602966639426092
-1.0281543232211574
-3.9755487797142006
-3.5988471064431153
-3.548802311059169
-2.8128934071945406
-2.7893818168572624
-2.7862816321961574
-3.1191226810009782
-2.7819885233388284
-2.56436595054934
-3.1390678938470127
-3.1293643636418382
-2.6131114418604007
-2.973033344258195
-3.0641618645742836
-3.301008149726819
-2.6712391539835965
-2.0083012255302957
-2.0170810225612446
-3.039214148958904
-2.7589754046430737
-2.8571718274466793
-3.3087519271109143
-3.4661901490054694
-2.8786564603367752
-2.5614720958819372
-2.36426492996379
-1.816782174775108
-1.6422953523595436
-1.2954462261161401
-1.146547269765811
-1.7977556441170064
-1.5380330684389074
-1.2457178870242545
-2.4129034125939355
-2.2577285441376493
-1.948729946497137
-2.5709258967101025
-2.6004660393075847
-2.4372830958973255
-3.5103513729325453
-3.426757900290305
-3.3589476934111615
-3.707518562895048
-3.751971127420618
-3.136012274179815
-3.0500391538269795
-2.90386960714412
-2.8937129241315365
-2.4603437668670574
-2.616497597358091
-2.2483494853411194
-2.7151078502725454
-2.650498795876021
-2.684646979881725
-2.6594281558406734
-2.8626888515563613
-2.4579228833707125
-3.4484263575204555
-3.104817926163255
-3.4284234697289047
-2.129095485045463
-2.084563109053217
-1.8865721489340963
-3.3165905101411948
-3.040266464840328
-2.563097586754019
-2.431126135616373
-2.1929502726597274
-1.5532162391045605
-3.3157068089102086
-3.0411183187255277
-3.0629215286402327
-2.529311985740396
-2.593043328915282
-2.3364210477804153
-2.9451448296162805
-2.7432899542016
-2.6167497529190253
-2.54842493075932
-2.25053148193437
-2.515476292470362
-2.1265415029012473
-1.8767927521320946
-1.4445146589442694
-3.221992666273975
-2.7435900312473294
-2.6885238093188564
-2.204394686206861
-2.0060922123183405
-1.8602068847268614
-3.38243156352312
-3.3678804623949636
-3.4867556671196724
-2.3769128595291615
-2.4757640963851766
-2.653612906236116
-0.9559313382827032
-0.5372865252429194
-0.4025677225824228
-1.3792468280561454
-1.056723888314209
-0.713994587598615
-3.1228616803309377
-3.1412246091446048
-3.053606503508207
-3.70203773072016
-3.3965137194706045
-2.9847847949349173
-3.47554341319928
-3.361906639760182
-3.1615317085751466
-1.5040862319352453
-1.510937260921346
-1.3772055335561513
-2.1144168658765783
-1.76174551434302
-1.3113510515125586
-1.885258244154596
-1.9766537516473852
-2.069882977404344
0.013848148329878796
-0.2608578230504587
-0.4503082751758029
-2.146833974387124
-2.428674243631086
-2.4586803832629567
-1.3116930288895174
-1.3167153412538075
-1.4491669314238416
-2.383543223898578
-2.4757219606070184
-2.348740600836039
-0.8796928580814061
-0.9308845660574002
-0.9409696112248784
-0.5195309081277353
-0.6212043319948817
-0.8929298900617129
-2.3918059215000524
-2.505394825144697
-2.385543978769271
-2.3211789195400874
-2.550337165654228
-2.6075474146790576
-1.0859959511613186
-1.2596859497147568
-1.4722247218009596
-0.43359426051316685
-0.49727633925696924
-0.5851793945082825
-1.7164173648892325
-1.6856722058251443
-1.879069131248881
-1.5620149781170811
-1.4367953004640606
-1.3372033338178548
-1.6132450487522236
-1.6507508423614796
-1.689978495143838
-0.025445222740145712
-0.190616723169523
-0.3275811562059035
-1.5861322874861288
-1.593115430961767
-1.681013405166592
-1.232326362581084
-1.2979118962373377
-1.4724671774144453
-0.6082953120581146
-0.8621095576138275
-1.105167952005968
-0.1797396219106262
-0.4288588012677583
-0.7469257568536872
-1.3843281212580392
-1.5594198116759979
-1.3963273292959513
-1.2353855478800613
-1.0438612318438036
-1.022547272100554
-1.9773565999310758
-1.8781848964035515
-1.7024170812901755
-1.4117823704689183
-1.9303367483481095
-2.259577421839254
-0.1264298773846459
-0.4573449660609608
-0.6929858275555618
-1.5958742283310008
-1.6895411620073628
-1.718650865192552
-0.6290321002871306
-0.6348945509314526
-0.6723883246142788
-1.0370288612149197
-0.7646376717773044
-0.5185046974810267
-2.3690625595689583
-2.4743921491798564
-2.521938790855817
-1.758751964992872
-1.825354190513298
-1.8675889633882625
-0.8389298992726888
-1.0308924541416253
-1.2248624453879817
-0.5859144563064173
-0.5919209484499494
-0.4490974011412783
-1.397099772385132
-1.3031956645915717
-1.3530185060239668
-1.4394589186900768
-1.4586487197303255
-1.315423057939473
-1.7695561053840771
-1.6099358975184215
-1.4982015562226645
-1.4958716761141095
-1.7319606645144594
-1.969532951861535
-0.8413009848605895
-0.8439047139226745
-0.8764914163671558
-1.5577358155459695
-1.625061385395845
-1.845979376120767
0.025542737795164555
0.07181262999515997
0.127150639070244
-1.0220520048514
-0.7126281909686621
-0.37271545270465156
-2.1406991049358606
-2.366399357139332
-2.4555738176943342
-1.1578395177184464
-1.1766788858502015
-1.1884136126636125
-1.3749063487113469
-1.3300866424603177
-1.3211022027052912
-0.9830411518737483
-1.193354409720445
-1.3971754588598235
-2.234323825174297
-2.2155679757311386
-2.213093232316325
-2.3096033139557655
-2.502828896904644
-2.4261552820280166
-1.0324498737347565
-1.322106959551755
-1.6384349100964406
-1.1827223667689726
-1.3309238995938506
-1.3387751506872088
-0.552328818993326
-0.24088639180628318
-0.09633035561893455
-0.9795409250419713
-0.9380840331852799
-1.027433144578295
-1.6584094652995196
-1.6941332739416906
-1.4940586313090352
-2.0228694103228433
-2.077766327512887
-2.089874294899734
-1.965952288065584
-1.8568621825166844
-1.7744107168709522
-1.5174233306886196
-1.7084807268335083
-1.812404973815735
-1.535697965745872
-1.6920833359278062
-1.9409771347770137
-2.7054720050163654
-2.556418115083068
-2.499704567080318
-1.2449370784255707
-1.4064535854450755
-1.655971377779987
-1.3761085889913973
-1.4970801857094846
-1.6920476354565932
-1.6848911812548626
-1.8651415339309383
-2.087774671167196
-2.4030811848341926
-2.3763769088122064
-2.3541530351115707
-0.7432277997081991
-0.6369168544610669
-0.5834677058685449
-0.6435493726512803
-0.6559505225063141
-0.7027353923906685
-1.0164301635333484
-1.0549184367004252
-1.294619350352915
-2.2963162793930403
-2.5267567864776757
-2.6566740201114656
-1.2543038320142268
-1.1991326720250424
-1.211513839139595
-2.1495536711465824
-2.222619964387963
-2.3827868887261907
-1.8300743658226053
-1.986684384723389
-1.9719096117315598
-1.2907779213479544
-1.2093932804644574
-1.1968448092874509
-2.1273842104349714
-1.9450364269260143
-1.71442915520033
-1.3286853808528252
-1.4736299672536437
-1.5523309817526891
-1.531482129231185
-1.3200552507278296
-1.1947324784369893
-1.9695236409079926
-1.8064798611840096
-1.6105583398745464
-1.4917667466759714
-1.6381182793400573
-1.623761732246526
-1.7816686326480624
-1.6013481157246212
-1.7428728365645343
-1.4679120083430468
-1.4724506422662271
-1.412309632259062
-1.66647820065834
-1.5793406657147275
-1.4251586612041685
-2.0369785780778797
-2.1373779617042783
-2.1271867576979715
-1.2038106868304979
-1.1852347973810184
-1.2680924483432754
-1.0955155005086428
-1.269435082081041
-1.3770181883232206
-1.3492024063735721
-1.6434780226165318
-2.1434299177311367
-0.9074095005499663
-1.0887613813968486
-1.320702857786225
-0.7612854004315739
-0.7148168875480512
-0.7607456045875324
-1.1864730125140213
-1.4300176917430156
-2.1623257959457947
-0.9628712985153043
-1.134801212860686
-1.3960729888102024
-0.7749237252750113
-0.7807269795114735
-0.833756744979772
-1.3434243591125103
-1.294736651826212
-1.2928410667611665
-1.8697702255026534
-1.6569404801810337
-1.4825985939470172
-1.1328351010527749
-1.175003800213869
-1.2490569689825373
-1.5245661058722408
-1.348078168625802
-1.1391562292837656
-1.8311389348324592
-1.8899826010591156
-1.8827425109040796
-2.2469443223514265
-2.3916273172507005
-2.3566958666044355
-1.6247629793885885
-1.6769930315015946
-1.9291741168649361
-0.9875005876590148
-1.1252956368002853
-1.1667411279992028
-1.871696025916538
-1.836997405856519
-1.9104636258135557
-1.0917702828889517
-1.0576520767582422
-1.091432005117638
-1.99362309646494
-2.3964007400187004
-2.704182543806829
-2.212937881299732
-2.3780042370079904
-2.4959621463476167
-1.8999285486295592
-2.057349169298233
-2.1994187705330086
-1.595707508534947
-1.6099919615080913
-1.5784174909662692
-1.0624376720635655
-1.073198463940186
-1.0946774541305069
-1.3218325296052724
-1.2667099219751015
-1.027758355835934
-1.2951567299797255
-1.22656566185178
-1.2712252042616745
-2.193162639942363
-2.2476318279092897
-2.3038803896460527
-0.47088572679765706
-0.21458654448181513
-0.13803511637399102
-1.8852587380123502
-1.9766541501654533
-2.069878669942569
0.013848565619072939
-0.2608564624725535
-0.45030760279099374
-2.1468346138563605
-2.4286719747546845
-2.458683574022791
-1.311692142170532
-1.316716099170553
-1.449165965489493
-2.3835426320022783
-2.475709938586694
-2.348737577503395
-0.879688899355219
-0.930881264637027
-0.9409656036949202
-0.519530747698054
-0.6212045346404853
-0.8929231722982796
-2.3918069448940162
-2.5053954876809925
-2.3855446449196034
-2.3211844356111246
-2.5503355718792813
-2.607545229369168
-1.085984731606152
-1.2596846056026814
-1.4722208847381695
-0.43359405709342597
-0.49727603389129194
-0.5851762129040868
-1.716417271759879
-1.685672990901371
-1.879060730550257
-1.561997315316738
-1.4367958528019402
-1.3371829458020152
-1.6132282293425313
-1.6507497742358295
-1.689978942665791
-0.02544571545129176
-0.1906144697623257
-0.327580376603049
-1.5861249717284438
-1.5931139682349134
-1.6810051950813114
-1.2323260131638476
-1.2979188705600746
-1.472467571516179
-0.6082951736108153
-0.8621006283524277
-1.1051557676656172
-0.17975295575179462
-0.4288666061607231
-0.7469253776904989
-1.3843275051826398
-1.5594192370895643
-1.3963266656402418
-1.2353905760105566
-1.043870715621297
-1.0225539807802146
-1.977356556875843
-1.8781850460832938
-1.702417022092907
-1.41178298092755
-1.9303364562115424
-2.2595560066672924
-0.12643091335702072
-0.45734017804878707
-0.692985106758738
-1.5958770422100306
-1.6895413502642245
-1.7186508688340394
-0.6290318558057743
-0.6348933477370667
-0.6723878245609856
-1.0370067985392049
-0.7646171322284239
-0.518489390672672
-2.36905688689418
-2.474393702950595
-2.521933044727163
-1.758743855296761
-1.8253480821837815
-1.86758692410401
-0.8389297957297848
-1.0308872504232593
-1.2248609879965326
-0.5859186081440668
-0.5919213836031907
-0.4490968721926608
-1.3970957527628591
-1.303184692724298
-1.3530110023723059
-1.4394675486353372
-1.458648997802709
-1.3154254841740889
-1.769534329661618
-1.6099313592237994
-1.4981983336666223
-1.4958719528114774
-1.7319606062168378
-1.9695322431584963
-0.8413008009517038
-0.8439046599598407
-0.8764918645838301
-1.5577363409069787
-1.6250720399078276
-1.845984498311804
0.025543929856885556
0.07181413068844321
0.1271559694491364
-1.022026714178378
-0.7126277210971638
-0.3727163144453811
-2.1406921988528707
-2.3663967700896906
-2.455569254922239
-1.1578403617659654
-1.1766779217610681
-1.1884133300672008
-1.3749050073227937
-1.3300858054637037
-1.3211030876340453
-0.9830403259457308
-1.1933558557147421
-1.3971808716021044
-2.234312610835688
-2.2155570578461545
-2.21309311663239
-2.309595709299371
-2.5028274534285972
-2.4261577164922548
-1.0324525996374887
-1.3221065733413917
-1.6384332749314003
-1.1827278244758517
-1.3309207979480207
-1.338771585911214
-0.5523215225095003
-0.24088528195881592
-0.09633111244935644
-0.9795264116343295
-0.9380796596065155
-1.0274282975612796
-1.6584079108119778
-1.6941331885514685
-1.4940638380034117
-2.0228708660757837
-2.077759465820855
-2.089877785446869
-1.9659518312442401
-1.8568623745546198
-1.774415227256791
-1.517423363624601
-1.7084778365081952
-1.8124040123289609
-1.535697733360616
-1.6920804543794268
-1.9409770702983509
-2.7054708357539177
-2.55640660418569
-2.499704184455917
-1.244937188111205
-1.4064499075733792
-1.655961797073125
-1.3761103922047555
-1.4970805657570965
-1.6920436188079029
-1.6848741196446169
-1.8651390224186957
-2.0877737508614964
-2.403068112316784
-2.376368341310547
-2.3541502263634335
-0.7432285398062342
-0.6369171577674454
-0.5834704095380463
-0.6435487469175754
-0.6559511001171452
-0.7027400923478857
-1.0164289883053188
-1.0549220192542519
-1.2946228823149764
-2.296306159444761
-2.526752673226962
-2.6566743241761808
-1.2543022562096617
-1.1991306527602288
-1.2114997598852733
-2.149545073211778
-2.2226189264142384
-2.3827751194797684
-1.8300727886414667
-1.98666983913484
-1.9719089718765432
-1.290778057809181
-1.2093930479551003
-1.1968503917623874
-2.1273843240222945
-1.9450410269085503
-1.7144342732433366
-1.3286854538654538
-1.4736320935302702
-1.5523504109128392
-1.5314819787019145
-1.3200587980776433
-1.1947370783548537
-1.9695220002919556
-1.8064795884471203
-1.6105588619994877
-1.491766855875054
-1.6381082612526674
-1.6237544317811303
-1.7816706409612557
-1.6013576394194855
-1.7428723263381536
-1.4679095915910587
-1.4724411901500791
-1.412301966516846
-1.6664784554394807
-1.5793408875614128
-1.4251601219980499
-2.0369775098848804
-2.1373767553526495
-2.127187304951268
-1.2038105532371133
-1.1852320402818284
-1.268091565678596
-1.0955166374784993
-1.2694373609654954
-1.3770172806139518
-1.3492056915355797
-1.6434780217529097
-2.14343013079211
-0.9074082793065623
-1.0887574729588119
-1.320701200836333
-0.7612866419717131
-0.7148182526176288
-0.7607445254466072
-1.1864726877000256
-1.4300246493732345
-2.1623250058524706
-0.9628734448953724
-1.1348011718633235
-1.3960694308492876
-0.7749079425988918
-0.780715494377163
-0.8337594608334948
-1.3434017095583592
-1.294723187042439
-1.2928122100934256
-1.8697620930639334
-1.6569410396415993
-1.4825989739720384
-1.1328382724235504
-1.1750033428945
-1.249060228932723
-1.5245626791031917
-1.3480719927197082
-1.1391449080695355
-1.8311364820923695
-1.8899825003962318
-1.8827425364495447
-2.2469328997156586
-2.391628316278597
-2.3566880394761003
-1.6247667287311947
-1.6769938681793566
-1.9291756212176845
-0.9875004860927084
-1.1252916127067603
-1.1667408169198528
-1.8716963606833277
-1.8369972976405413
-1.9104626743735618
-1.091770920253298
-1.0576553363347152
-1.0914328330531986
-1.9936171119567312
-2.396401935140127
-2.704188418351985
-2.212938215875828
-2.37800180334715
-2.4959602273833053
-1.8999285521022675
-2.0573508569820396
-2.199417708764654
-1.5957140600875857
-1.6099989436868913
-1.5784183509178114
-1.0624387995214397
-1.0731913263774313
-1.0946799071270077
-1.3218339868459932
-1.2667113999527602
-1.0277595836722375
-1.2951562727781338
-1.2265660634057978
-1.2712254876124651
-2.1931614145388347
-2.247636447137009
-2.3038729787217473
-0.4708849505570854
-0.2145866552752142
-0.1380341130513258
-2.736716216846542
-2.8139215273074303
-2.961141802376455
-0.31328817069220205
-0.40665511419079586
-0.6192218733114649
-2.127886959842491
-2.42679174252381
-2.537344669408882
-2.040300058722175
-2.229132755210163
-2.457178982187307
-2.091265443244139
-1.9818836571530491
-1.8441440377913572
-1.1609904716340145
-1.0848787043671666
-1.054563716747883
-0.8599541386510886
-0.9172050969390863
-0.9760010982993673
-2.4696712716211753
-2.5446779826210637
-2.3724882552582978
-2.391636847304893
-2.579703721381974
-2.713601938465426
-1.1776492901759676
-1.3424520931853088
-1.6467106000594591
-0.6055504583406405
-0.6681215651721911
-0.7741906576943365
-2.121077997336851
-2.118436393407813
-2.0331247707841844
-1.4479321761888964
-1.3128968290429914
-1.2368422046190453
-1.6090534462378676
-1.6983349163770949
-1.6049316342656126
-0.15830670938730879
-0.15936715080619335
-0.161106665221753
-2.232682928987393
-2.0540799365686517
-1.9013186776800968
-1.321344738181764
-1.4903270410472176
-1.8045941430819044
-1.197740935544731
-1.2064633186960867
-1.0455643475392637
-1.458312485596521
-1.6544479616918095
-1.772940153953331
-1.550532902826803
-1.6776346866760952
-1.6455675317556064
-1.7700888462893336
-1.601533665169284
-1.4986956643672458
-1.9372829674648906
-1.785168250574571
-1.681868745268546
-1.797458422704218
-2.290801686782797
-2.6307058373938155
0.20181930186645597
0.18259937384694103
0.03519761566273269
-1.4975675982352974
-1.7109959047748173
-1.9772715341226998
-0.6629195034520045
-0.7408822830873796
-0.8233629778808295
-0.7460413399563766
-0.5176599566048212
-0.3527480790409512
-2.481504996062121
-2.42957130393975
-2.43811668020174
-1.9474648508570565
-2.1124352804903896
-2.126034191858562
-1.30121188459459
-1.431587010381111
-1.6330670081894298
-0.8131891440037701
-0.7118278272403262
-0.5528847137451072
-1.306736929672776
-1.3245593359198833
-1.4182798990266006
-1.530583487908657
-1.3595537504324755
-1.2331253370764377
-1.9745152819344232
-1.887334452998731
-1.8507625823523814
-1.8036108996257783
-2.066331687507427
-2.460519653492632
-0.49599294538895744
-0.4797095311027659
-0.5731190165618909
-1.9094798544849503
-1.9749577112592651
-1.9644823853466844
-0.12001560692566562
-0.07532120533432005
-0.032823817374733666
-1.6410955737189503
-1.4972209421676435
-1.311668941947493
-1.5569517970171876
-1.810803809030617
-1.8691765845295936
-1.3123037615877755
-1.290037635920808
-1.3229057172427798
-1.4161749780689832
-1.425043497609213
-1.4907214895112517
-1.3880225346555692
-1.6748424101390593
-1.8168593881975
-2.1648937089032394
-2.272835038909217
-2.466471475507835
-2.2175642213591304
-2.315911883429878
-2.5219780367553692
-0.8967734062012453
-1.2764465174404547
-1.7227190736713665
-1.1777183846515016
-1.3810159711359535
-1.5997532688632832
-0.6766989916594282
-0.3993957453567498
-0.28888100917831966
-1.1391576308126368
-1.2419998221999118
-1.227792926753993
-1.407071702519285
-1.400306246772646
-1.3310739603426796
-2.4731482599799115
-2.526842413871601
-2.6909377119671127
-2.517745364970285
-2.413278342234781
-2.3448241725606795
-1.0559984831211158
-1.261669440781162
-1.3666267408118806
-1.9699322425076733
-2.084807209070444
-2.2303002076196807
-2.4578272831176333
-2.215430838676495
-2.199510206798638
-1.383489534597357
-1.424432630503725
-1.578284005376232
-0.9168618319657759
-0.8787943152838181
-0.8956199561742637
-1.8111282178617611
-1.7814898839932207
-1.8823627626662585
-2.605007311142904
-2.787466514804884
-2.669022801010169
-1.0054305926202312
-0.9071460785534543
-0.862971675055345
-0.24022751208909673
-0.29498882529418957
-0.30262105895713465
-1.2540650155510178
-1.3166193460847686
-1.7448114704876159
-2.492281580566427
-2.6701247620800643
-2.6831607089260134
-1.5587581415903
-1.7044151288801335
-1.700428044840352
-2.471655979568294
-2.656920746816037
-2.677424816235699
-0.6071143922410702
-0.40265605839214336
-0.3984719792814606
-1.8030489632228697
-1.7212585946748091
-1.6614955069132147
-2.26184336727266
-1.948554494372317
-1.796701378796092
-1.0013785509057083
-1.17843614231303
-1.323587830770471
-1.8175054884012964
-1.6418336196486574
-1.4192264939608918
-1.6694064733586478
-1.5480737233630255
-1.4961648219759813
-2.063851535811443
-1.9023554890674501
-1.8009005359903654
-1.7593242014910428
-1.9753364474301889
-1.7986312293329698
-1.7247133216256114
-1.59966259024526
-1.5384592748778436
-1.1433974544269998
-1.156546173506214
-1.0284585395246695
-2.4391854964588875
-2.415382204089642
-2.3134098763271616
-1.8216552660679242
-1.9761535052251362
-1.913917754028036
-1.3973460812367016
-1.494032173991978
-1.5805040676361972
-1.090071257166608
-1.370985402777615
-1.6415184986719737
-0.7125640087413166
-0.9377559194293137
-1.2113056189417026
-0.9849785524664423
-0.8624285110028598
-0.7788954707663431
-1.355980474675913
-1.675648241605073
-2.05461590561943
-1.2479062849856737
-1.2472488233053818
-1.4041362296565443
-1.1387087046135327
-1.2004411362979845
-1.249996595559316
-1.6476869133851546
-1.54695190443738
-1.3400725912314746
-1.991799673798484
-1.7638717719098174
-1.7082777780742286
-1.0516252060742564
-1.0499362193630863
-1.0751307008249193
-1.4120181508611114
-1.4577978496342605
-1.611748432583799
-1.942237344985445
-2.0587368113833797
-2.119609361210106
-2.2200673986459476
-2.1701827428123774
-2.2596168859262713
-1.7203982141420573
-1.7436902138275654
-1.742686802494851
-1.271029169959755
-1.2957195575478377
-1.4024245531691764
-2.662571926857712
-2.560946829803987
-2.527861586477563
-1.2873064838997115
-1.1629860146404407
-1.095425819151591
-2.4012133231271284
-2.6631008758851906
-2.823972462272205
-1.8199145625441517
-1.9751076029183088
-2.168214896699945
-2.3143897781330742
-2.131951186124172
-2.2803238082712536
-2.0545310955017584
-2.227288711490921
-2.1550090432595392
-1.204102950320992
-1.2018204364649625
-1.1877114280987864
-1.598723784813121
-1.4359471222028788
-1.2212793434375862
-1.1483833691476528
-1.240969302913847
-1.2358839443513623
-2.2393803015194287
-2.274442984948113
-2.444934710085808
-0.5755982927235783
-0.5023679134672651
-0.507514452138949
-2.7367194384415225
-2.813919750021725
-2.9611424540506865
-0.3132962010511504
-0.40665766759615307
-0.6192268042480094
-2.1278899786164045
-2.426794925257811
-2.537349110829801
-2.0402993557202063
-2.2291336666442927
-2.4571791383195905
-2.0912664400299756
-1.9818840253913157
-1.8441446953790945
-1.1609981185301834
-1.084888212170553
-1.054561855782346
-0.8599499870120513
-0.9172056926674378
-0.9760007212315742
-2.4696678683789246
-2.5446824013873477
-2.3724873078335214
-2.3916448405925133
-2.5797057597558046
-2.71360051855874
-1.177647289345643
-1.3424515397188026
-1.6467164699961956
-0.6055490695588319
-0.6681205746904624
-0.7741918255307612
-2.1210921769622066
-2.118445110749343
-2.0331436591918446
-1.4479282361843049
-1.3128899178797413
-1.236839148552515
-1.6090599876028016
-1.6983340895671797
-1.604931270784637
-0.15831422046705504
-0.15936583625610856
-0.16110590726584528
-2.232687383753855
-2.0540849215382817
-1.9013238965966228
-1.3213447855629685
-1.4903274373183408
-1.8045933815318718
-1.1977403221030007
-1.2064607757604944
-1.045559034070339
-1.4583121608497651
-1.6544393879240986
-1.7729477305470303
-1.550531499792804
-1.6776350001273306
-1.6455680787909097
-1.7700885344893018
-1.6015339593860902
-1.4986953487887311
-1.9372838420970375
-1.7851726880479766
-1.6818685068550392
-1.797458999579325
-2.290797575550982
-2.630690440852555
0.20182017855760742
0.18260223032209505
0.03520218531237426
-1.4975677437711838
-1.7109953247896588
-1.9772708424159626
-0.6629154119211346
-0.7408808952850262
-0.8233599164035688
-0.746042518927561
-0.5176617560436535
-0.3527486456228322
-2.4815031758076618
-2.429571282984605
-2.4381142289303614
-1.9474577634702266
-2.112434493393617
-2.126034064765532
-1.3012129292731736
-1.4315864237438958
-1.633064941000288
-0.8131937944422538
-0.7118310704496078
-0.5528870324573665
-1.3067310583704135
-1.3245577032560305
-1.418254110054202
-1.530584621104394
-1.35955610594598
-1.2331252327236422
-1.9745032565488136
-1.887315770405439
-1.8507458867489992
-1.8036103632836484
-2.06633150593962
-2.4605009526631054
-0.49598664338500725
-0.4797089138485411
-0.5731164957629341
-1.9094658253777086
-1.9749498844495212
-1.9644740351551335
-0.12001595416319381
-0.07532138608060494
-0.032823043831872956
-1.641094246259088
-1.4972149794838479
-1.3116601668657446
-1.556950689617027
-1.8107911294730672
-1.8691716734040846
-1.3123042541370844
-1.290034567359263
-1.32289758336198
-1.416175131775323
-1.425042977681276
-1.4907152076404753
-1.3880224623055089
-1.6748404371574974
-1.8168593130485728
-2.1648901726561167
-2.2728258880735033
-2.466459142122729
-2.217557650550122
-2.3159122058179493
-2.5219762933256784
-0.8967760399459594
-1.276446551688948
-1.7227134285798735
-1.1777190814861838
-1.381017488397827
-1.5997530663419295
-0.6766900167410214
-0.3993948561688865
-0.2888748601800821
-1.1391468644956233
-1.2419976171572529
-1.2277902836138272
-1.4070727628724442
-1.400306077280755
-1.3310735575847468
-2.473144115441254
-2.5268399432178477
-2.6909385394077976
-2.517745676728388
-2.4132783089503116
-2.3448236179534026
-1.0559985560930332
-1.261669986588851
-1.3666264553801697
-1.96992912388079
-2.0847986739818003
-2.2302828029122623
-2.457823907070535
-2.2154303202040944
-2.199510075283698
-1.383489423748619
-1.4244324071333083
-1.5782825593787915
-0.916860713608879
-0.8787948707717879
-0.8956199964984612
-1.811129202991101
-1.7814882761628175
-1.8823590103677876
-2.6049930474732683
-2.7874585351039403
-2.669023101441654
-1.0054302955731926
-0.9071481261222065
-0.8629769446839942
-0.24022677977007895
-0.29498958331744385
-0.30262110908897755
-1.2540650857518723
-1.3166193356300226
-1.7448085662826753
-2.492282895308757
-2.670126228791127
-2.6831617621366632
-1.5587567198584757
-1.7044081782864227
-1.7004074408917442
-2.4716436724164983
-2.656922897879579
-2.6774079011271894
-0.6071137845463066
-0.4026555295708033
-0.39847537396996735
-1.8030484867351124
-1.7212516010004761
-1.661493122785537
-2.2618426062291843
-1.9485546942302583
-1.796702171863739
-1.0013787005598425
-1.1784443601650731
-1.3236081042170198
-1.817505480424489
-1.6418327318045338
-1.4192279443605873
-1.6694024441919908
-1.5480695454339934
-1.4961572693730958
-2.0638353776945437
-1.9023414494643638
-1.8008798281586564
-1.7593242427328988
-1.9753242624238845
-1.7986301089568266
-1.724705131359789
-1.5996613288710777
-1.538444017923982
-1.1433974622599679
-1.1565440474824955
-1.0284611100244314
-2.439184045594586
-2.4153811033498593
-2.3133997027140385
-1.8216536845747426
-1.9761535021302683
-1.9139218169277588
-1.3973443946325936
-1.4940310135295747
-1.580498164894852
-1.0900712664188177
-1.3709837544367278
-1.6415162499664853
-0.712563868313036
-0.9377553562398224
-1.2113072082253118
-0.9849783627727429
-0.8624263179507871
-0.7788954211227938
-1.355980640790339
-1.6756493441309996
-2.054616080964702
-1.2479085989224488
-1.2472502279262228
-1.4041263984010115
-1.1387113910776625
-1.2004398495797979
-1.2499958477181616
-1.6476874238386179
-1.5469517770831698
-1.3400720682061085
-1.991801996807476
-1.7638733295510542
-1.7082782127646237
-1.0516250600031973
-1.0499359175218066
-1.0751296903874878
-1.4120176089088807
-1.4577974226804884
-1.6117492665051625
-1.942237984840471
-2.058735180687724
-2.11961189248142
-2.2200673864176403
-2.170170440261664
-2.259615376750672
-1.7203904771185379
-1.743688446004235
-1.742681522925042
-1.2710258606597447
-1.2957196372903725
-1.4024208568984773
-2.6625719115130124
-2.5609388931463206
-2.527865055125279
-1.2873065834045732
-1.162985541299488
-1.0954263540662974
-2.4012129403297067
-2.6631032259431704
-2.823974960743687
-1.8199222567182387
-1.9751121916969276
-2.168222549588511
-2.3143937564181254
-2.131950124434472
-2.2803249433225696
-2.0545312019145667
-2.227288744718563
-2.155009306745266
-1.204095063456987
-1.201823086271182
-1.187703265434143
-1.5987249819250862
-1.4359483968784832
-1.2212747774871135
-1.148384150329218
-1.2409722754743464
-1.2358846249904947
-2.239380959856321
-2.2744463114517126
-2.44493733085989
-0.5755987613500431
-0.502369068640673
-0.5075146790796883
*
-2.5342955178954822
-2.450095674863013
-2.341621459290039
-2.6129775855042943
-2.5792990984245203
-2.289927007757986
-3.3345145062413435
-2.934141250458868
-2.9027424214811366
-1.1667992776375846
-0.8337056225636839
-0.6650168771358451
-1.5997592412272676
-1.5622560032312194
-1.2158716560900877
-2.358005440454058
-2.182579810044464
-1.9754808301071258
-1.6479744070947577
-1.4102847857208114
-1.698981543848872
-2.6234049051758017
-2.4924163758299285
-2.554416768470114
-2.694903897605929
-2.621214459428692
-2.4699298964764407
-2.2437783636636808
-1.9513941025008539
-1.4783720034501822
-1.710454885618792
-1.5260242324080755
-1.2965228710968895
-3.1828504198410004
-2.9080327919783535
-3.0403558446922476
-1.7995917508385995
-1.875479828744643
-1.7915828135997742
-1.9202138091844794
-1.8640481068158903
-1.824549403526531
-1.326717859349878
-1.176427334752056
-1.181270862629707
-1.5858680769377218
-1.539249759528227
-1.53053990943873
-2.4527611903113034
-2.079545420952739
-1.9153788459610426
-1.5315961019815925
-1.2516888694194805
-1.0064225656210724
-1.239807145585944
-1.1820912464244362
-1.1507204766358763
-0.6699660779975003
-0.36840698778399017
-0.10047194076511116
-2.9489289965475027
-2.2837937486352704
-1.8957512797748652
-1.6387384919513504
-1.6226152831563714
-1.703252103580691
-2.213237745893659
-2.208259319996672
-2.081522431258909
-0.7841560846934901
-0.8813869024195284
-0.9761342361639236
-2.3461158716774198
-2.5218494744039788
-2.8211988469244664
-0.8986708348339125
-0.8251346889414031
-0.6140546335420509
-2.193633387835117
-2.203915952350169
-2.070003620343236
-2.343944744136316
-2.1741727836139244
-2.3072483954203635
-0.25125925381816994
0.8237288556138531
1.1429713840398619
-2.064478301847945
-2.170466526210662
-1.971865167390654
-1.6763831246357062
-1.729981171619081
-1.8902801829493938
-2.235670512908878
-2.7018246386567677
-2.7169655486618645
-2.028276525477409
-1.92286428298322
-1.7177308439204606
-3.2697579049610903
-3.0025151167469133
-3.1096414181951135
-3.0160444137452322
-2.736657312050121
-2.7159085725294534
-1.9896770954958771
-1.7618815477523084
-1.886358974813911
-3.2080173367953027
-2.8614152220042905
-2.6589624965002656
-2.8674910646300455
-2.9351213504854994
-2.673933677891836
-1.4276501081696544
-1.8866472183259622
-2.106115407008116
-1.9225267502496632
-1.6602301630057543
-1.3405788892521566
-1.7270877031227099
-1.4444457582798376
-1.2184412627353165
-2.455879470917953
-2.294246301351852
-1.8912294626999724
-0.8261285887772922
-0.9548840877562025
-1.0514093864126506
-1.6718860702679843
-1.723243262154424
-1.6976465215046515
-2.6156946262890832
-2.9448603313193074
-2.8114419077666715
-2.7023706758301342
-2.4233737236914052
-2.3556354298166027
-2.2563641090464106
-1.8589096245073753
-1.9489525415349926
-1.1630013716906726
-1.1163426354431853
-1.0990399861009337
-2.1246112392645067
-2.1574402296494046
-2.0496843519446597
-1.6688130446596783
-1.895102510681447
-1.420102356375637
-2.258046699265755
-2.1548906745624525
-1.7393479460278958
-1.9218312765178984
-1.5906689395282065
-0.9337050366710683
-1.3976368636745562
-1.4755299474526613
-1.3229974834763063
-1.5045626361129294
-1.4421756860952553
-1.4870319132243792
-1.9265268013259
-1.7958004277582664
-1.5250095624322615
-2.1385578957190474
-2.1259329498610566
-2.153877906697377
-1.5644455766833494
-1.0930213442508263
-0.8383611592314468
-1.4167876402177446
-1.4342167369179404
-1.57448889470089
-3.3898340400607623
-3.0437049595030667
-2.448553122243463
-2.7150324160917596
-2.9258285845644614
-3.074806713955522
-2.0999611270347938
-2.1828340052593536
-2.0482617057198107
-3.5216828236643445
-3.3029698257347113
-3.2115227043630887
-3.618053638464231
-3.3099453025093233
-3.14149624754132
-0.18541544179603386
-0.7213205880851119
-1.5747292136620556
-3.491560819063701
-3.1800824580920892
-3.1728380075507445
-1.942337355282004
-1.9169230086195217
-1.7742323263628255
-2.0858148974188357
-1.9755820674964477
-1.933467849243207
-1.9725322998709127
-1.8310393949668455
-1.4685279480174955
-2.4851290007838283
-2.2874603742466526
-2.079881535312721
-2.444391056975774
-2.2959142414670493
-2.272217951332914
-2.9295021291034424
-2.553845085342475
-2.274966385682643
-2.3369283438615613
-2.3787550974534386
-1.8869730609682471
-1.6990667258543648
-1.7003882748978028
-1.3364880865666002
-1.3143223797688326
-0.8978206887201858
-0.6217370189672893
-1.033957877399615
-0.8270690674566441
-0.686378104267816
-1.4811249347272906
-1.1216187733011649
-0.950953986804881
-1.725994476383482
-1.69833888854807
-1.2581678291961282
-3.0719234168363743
-2.748621013696555
-2.7059953377764883
-2.272380586602581
-2.1878028383562556
-1.9365114510316808
-2.2018938276432727
-2.1074995990608167
-2.291026725978673
-1.3067646623854596
-1.3336039351798048
-1.4647048087160481
-1.3318313822437837
-1.262303922759213
-1.3746269949386392
-2.154825141567363
-1.6991413868276424
-1.4089611764418541
-2.612505425452655
-2.676178592338872
-2.744263027527288
-1.4098361065568987
-1.5005455050303147
-1.426544171803743
-2.1616929549455652
-2.2227615458278525
-2.068681625050272
-1.5121454492787185
-1.3113974123819512
-1.0404005935750087
-2.1747632399027355
-1.886324445801207
-1.6084074293049733
-2.1777597333614125
-1.929191264857367
-1.6833660758792641
-1.8203937747718602
-1.689847808031788
-1.7717627786747694
-3.0184994809922605
-2.4407264343520416
-2.5130812818428856
-1.7906997269874776
-1.7267742903884922
-1.4940302192797208
-2.848673224875632
-2.930204457974708
-2.5962844442047333
-1.3373859792904286
-1.3485593976779473
-1.2770843431584211
-2.990608255186796
-2.8773730365484207
-2.672653846749241
-1.750740511090826
-1.9664159477894005
-2.1091008858436187
0.44946934109995806
0.7354678563117861
0.7102745283697196
-1.0058878521257837
-0.6605721728568218
-0.3940541852268304
-2.562199276642079
-2.4916146483583805
-2.4549926515323324
-2.471145787969964
-1.8878826134007307
-1.5416380460397
-2.556054308244102
-2.4505716165824576
-2.2173644284027243
-1.4535228415078132
-1.313620235926596
-1.3293956261392943
-0.9459702790618324
-0.6707789348568082
-0.3116355768511729
-1.7187636271917166
-1.6045525789027064
-1.5076553300373923
-1.6803427678233485
-1.635533242337626
-1.3307737747668404
-2.614743777446275
-2.2289441003056245
-2.149442649044403
-0.2941547704614972
-0.0634459386150471
0.06934340219078727
-0.686722795730247
-0.6809317710939613
-0.35761317205598375
-1.3845843622139258
-1.211880641915926
-1.0072375723193252
-0.9235497702470353
-0.7314988269215321
-0.9949390367091935
-1.861183640129998
-1.7124631187032942
-1.67538668526573
-2.1179152374670487
-2.022564605211498
-1.8460284343246185
-1.7241084854891984
-1.3549054478077545
-0.8906154193739784
-0.8949253901449792
-0.7100513552753693
-0.4914255564527015
-2.648228500937652
-2.4164996896984356
-2.519551285356811
-0.9344086721279642
-1.0346104800966944
-1.0171304248753215
-0.9494540161145308
-0.8025463189288112
-0.7623591820396548
-0.825483400283948
-0.6914443103247447
-0.6555917453550297
-0.8435936369435908
-0.7679044349273342
-0.7113354062192719
-1.5320993458854555
-1.2806309255553021
-1.172793365155862
-0.7928994363360266
-0.5027120636661818
-0.27371925926263496
-0.29313826195120574
-0.253037762826068
-0.19147555101739902
0.11748938633189498
0.4129289940197404
0.6066550497126563
-2.203357500285942
-1.5238445431244176
-1.0813525644392588
-0.4946921827376758
-0.4534570484679563
-0.5162806920193602
-1.3065487391326258
-1.3014963332059923
-1.1647498691710092
-0.305693383191621
-0.379963066837752
-0.4284138921266879
-1.5803854638397423
-1.8203487602737525
-2.0826260737618725
-0.31561127266327915
-0.23852980166213403
-0.024731089175155735
-1.32351122124959
-1.338537577182258
-1.2636195434514939
-1.5859837544687987
-1.4223438179540675
-1.5192848316070586
0.34367317537937936
1.3291346000015405
1.6259573189607344
-1.18096199143689
-1.210725139866943
-1.0778058010072722
-0.7558983527221985
-0.8269816196488907
-1.0006341866488355
-1.3645907190157605
-1.6704441451458103
-1.70455287199121
-1.2235721090524334
-1.1494380575201093
-1.0357045327279106
-2.4741823994586594
-2.2799639748522664
-2.4296528865625406
-2.088835494197105
-1.8808269049578317
-1.838627627227507
-1.2347037898739577
-1.1753298385443525
-1.341969612253777
-2.2917308890769172
-1.908999275375253
-1.7185047417533572
-1.9977022769977417
-2.08704238792673
-1.944101272253958
-0.9472342316093828
-1.3331004836749014
-1.5448564992745628
-1.0391378416808106
-0.7823749532144071
-0.5810292584981391
-0.963465844100726
-0.6772619723171718
-0.48114038285561156
-1.7123968826197036
-1.4995575145998237
-1.1580967125361268
-0.09815179928802986
-0.1729819761835577
-0.24292386337654065
-0.7805573796124836
-0.7724687635605154
-0.7235453745130207
-1.6283929230488727
-1.9604799850081995
-1.8246901534814084
-2.2468394585693754
-1.955852599471623
-1.8720514574436433
-1.4496153518569996
-1.0151806346656267
-1.0551749355213027
-0.36437689601785417
-0.3525893677043608
-0.3307155291855739
-1.5868664348008519
-1.6262204926324433
-1.5141410650015725
-0.7123103457348681
-0.9025404600481377
-0.46334440518824604
-1.6704578582811704
-1.5563970394363285
-1.1988940837658055
-0.9579650820335035
-0.7256906841094867
-0.17943584331402956
-0.6451229194300196
-0.6912408370726886
-0.597927905132021
-0.8859419343429273
-0.7949670113758678
-0.8179923572583002
-1.028870514188725
-0.9407820651530071
-0.6603309720419743
-1.2895584173329324
-1.1845182968811128
-1.0879201986142872
-0.8409331814542196
-0.39808193625114596
-0.12018971263445431
-0.687496279850753
-0.6659914491613159
-0.7712973760555872
-2.7427410559514267
-2.357887759456634
-1.7527559509991826
-1.8628573018105885
-2.041343595963693
-2.1472440135436726
-1.4477214786894532
-1.5358622322779651
-1.463922065103962
-3.003885843063066
-2.586021958237044
-2.461246271121114
-2.7812339352090407
-2.4839712637994085
-2.355978619864243
0.11473754535423841
-0.35313063886428053
-1.1333186084262024
-2.5448944700682192
-2.2140034169828464
-2.139282384406556
-1.1183061225870428
-1.067427166551699
-0.8639271181614956
-1.034852473225569
-0.916756153827581
-0.7890085505689381
-1.0335637668979853
-0.9491450852768262
-0.6785852240077459
-1.795612906971237
-1.6245563205789044
-1.4421201936334067
-1.6487629962099182
-1.5486689392176254
-1.6246587524893692
-2.072655500007704
-1.7069677366657414
-1.4994527917988496
-1.6091208373714057
-1.584009044097528
-1.1639135690383762
-1.0471691981278526
-0.9868919897420391
-0.5964636969987955
-0.7750335350596431
-0.2961099812769029
0.0005875697528417989
-0.04813299851169306
0.11540559444569354
0.22216349648754968
-0.5187625915805283
-0.23743752797634038
-0.10339248587721965
-0.7081027154558874
-0.6644993741437584
-0.33394845139190876
-2.470960073934023
-2.103541418199211
-2.028747992431596
-1.094829280047578
-1.055766366016432
-0.8922154212564332
-1.3143262727672351
-1.330934311627836
-1.515268416144354
-0.6310688162500505
-0.6580234863698531
-0.7479487659752075
-0.6089677067951069
-0.5610166396560252
-0.5981020848366186
-1.0502205135128886
-0.665564461596155
-0.45965281575370576
-1.9863819935101845
-2.0222238511924795
-2.0270545012302996
-0.5609223969788909
-0.5562572590613433
-0.48144489774435395
-1.2323156637483144
-1.231350051285913
-1.0724053146748538
-0.5354319611187598
-0.3828144637674836
-0.2422307099914012
-1.1526487025426906
-0.8968936420144958
-0.6330261082043447
-1.1318885509055332
-0.9965042860680712
-0.8578569814390409
-1.0745552949196417
-0.938679379405919
-0.9842613416444717
-2.198522645120065
-1.6669313202071616
-1.6914950199219296
-0.9390788148418671
-0.9268563570571687
-0.7571294030781502
-1.831394385430014
-1.83005165844153
-1.5585213509121956
-0.6533916089025178
-0.6425908799122719
-0.5781272291545405
-2.105960390769506
-1.9516226604649827
-1.7824922478617007
-1.144069326361523
-1.3581170868485413
-1.4910997504589534
1.0634245090926417
1.311131668526893
1.2699662447364384
-0.3460194195412438
-0.05062281173750638
0.2096156799144242
-1.9393327223441676
-1.8825219824751567
-1.8818113489468682
-1.5050332232615526
-0.9800025900156293
-0.6713353628430802
-2.013517967427107
-1.8740651372753097
-1.651404070520086
-0.467566628606356
-0.36074958894429515
-0.37007846506616765
-0.13991526000136084
0.0471095875762742
0.2879205383284913
-2.478157580881786
-2.306140947206588
-2.0667689764851396
-2.4762367524754816
-2.358543757602934
-2.3235266775983447
-2.046892601306461
-1.9624476553635537
-2.255656305662313
-1.2114655792118931
-1.094849221438852
-0.6704530008285136
-1.0531677964646173
-1.0773545596518803
-0.6929924295399745
-2.292999289366877
-1.8985922308385237
-1.7528435748029947
-1.7800351150520792
-1.764818895439476
-1.9542194203119843
-2.093347136493729
-1.9440605875257784
-1.7604751477742067
-2.4258964128100766
-2.393448047420607
-2.229658350283166
-2.1806432811249743
-1.851993298145155
-1.6222734747129737
-1.3091352914410068
-1.0557577573398849
-0.8727841425836643
-3.3751988158476016
-2.968948390612717
-2.9422890089082285
-1.0817872199603027
-1.1323749168486918
-1.1561659375319864
-1.7562709290217375
-1.546780850556102
-1.4610654252099577
-0.9561283859780033
-0.9018576006221801
-0.8105444961852334
-1.3307111160330853
-1.4572659118039515
-1.6957990386348483
-2.2878727665594303
-1.9866264995943563
-1.81924808768317
-1.867050978619274
-1.7239974795845492
-1.537425136236914
-1.6914231045320636
-1.6033305222758067
-1.4254127132623406
-0.0723557898941452
0.2995409107945348
0.5856289504304342
-2.3025576053134653
-1.6245013661426566
-1.18296113844271
-1.2886627171530476
-1.0860537254986247
-0.9144012789020837
-2.2226784540173012
-1.899806203246979
-1.632819488517506
-0.7004212691559007
-0.7689426748526446
-0.8395084826211439
-2.76543056934689
-2.6828497632652044
-2.5453654492763746
-0.7952916766525486
-0.7519243660558821
-0.5413476136809827
-1.6588850639254087
-1.64250562214921
-1.6059188966914162
-2.396236492697553
-2.023381236063386
-1.9347024054860165
-0.08430413133912312
0.7094811638000582
0.9575678162424063
-2.149720784989507
-2.1291622218694783
-2.267715309263039
-1.3930452052880296
-1.3826826835622301
-1.4613692259577482
-2.61164546561071
-2.676952463730805
-2.3937259257083774
-1.9276473649410015
-1.8400999531432514
-1.7766430368116195
-3.0434056717422875
-2.9389083938962806
-2.8632869270839985
-2.275137714524557
-1.7779935922201733
-1.727126574970909
-1.9143828402029546
-1.6411554097565721
-1.5791316312105206
-3.03856351303083
-3.2809751127021265
-2.9433714250856964
-2.4953790979639097
-3.0113890888545316
-3.198824526111922
-1.785606880598192
-2.300698037820669
-2.7230156679734367
-1.166578675453299
-0.8321756059165077
-0.32918128322521206
-1.1760053257255625
-1.073746370005461
-1.0508578753447229
-2.386235701218563
-2.128801772414578
-1.7641524157502442
-1.180611129771592
-1.2979272102294397
-1.3372067215084587
-1.474741133229303
-1.4206484426499348
-1.517008979958241
-2.7747197277327915
-2.989431011306653
-2.67077081862683
-2.534508303325209
-2.5211447348125007
-2.6005549095881135
-2.267798968442185
-2.304283352732245
-2.247841456144754
-0.8519527275219836
-0.7956444622581507
-0.815176623108463
-1.593781468272292
-1.4979710837049802
-1.2923215120508451
-2.008110861681865
-1.674434753916011
-1.3676748678413428
-2.089412294787269
-1.8115332770980381
-1.4773770670383228
-1.993927884428956
-1.689577758403382
-1.3421738271319268
-2.117461550821906
-2.3406540423332696
-2.421692546202527
-1.3841907010903043
-1.008994541200033
-1.0291606156726394
-2.0005985226093195
-1.8024157919424573
-1.4081810675094881
-1.8756930664711633
-1.8255222267535096
-1.6654483385001781
-1.8473624061640999
-1.4895354529648295
-1.3219010975975007
-1.2181033328786324
-1.1799080256225254
-1.3074366905454429
-3.3991886764028867
-2.846870496687167
-2.1729265205838595
-1.9191804070283816
-2.349772469399119
-2.70424577910371
-1.6374244409172336
-1.5187507922004333
-1.4524108741037836
-3.2208377596133184
-3.4085139514486933
-3.3740896534999276
-3.051738566539676
-2.571697653899596
-2.4278153880716937
0.37216006105870036
0.05622804445631585
-0.35054570723487455
-3.298105453433731
-2.7715102871516475
-2.5657506533151815
-2.0288159279132723
-2.0100220093408
-1.9971466976757983
-2.2292393051549784
-1.9278315347113733
-1.7016122151131134
-2.2012296830521128
-2.1840376340919625
-1.8021425602419736
-2.7310408248814833
-2.8164144366663426
-3.033737617490236
-1.9251036105801231
-1.4486725614461096
-1.4476283948479034
-2.54503474660352
-2.269157468567804
-2.1437758725254623
-2.348155351348614
-2.5375320771041814
-2.1124644757889
-1.7458936423166653
-1.492690015058667
-1.0005265177793286
-0.89485644558348
-0.6159296525570159
-0.5262533432895989
-0.7948330740102005
-0.617080404476029
-0.4031404413056435
-1.5172979676861384
-1.3417554964537484
-1.0284990630465067
-1.7882369888611598
-1.7633865651283518
-1.560583144529021
-2.9857128243599282
-2.720041661305929
-2.7568575898053473
-2.7321185011770455
-2.574454720574333
-2.079521342914271
-2.063785170239161
-1.937286628589574
-1.951580417143789
-1.7406008405923323
-1.8567956542874018
-1.5335196567116751
-1.6584071430591163
-1.5368538449089897
-1.5201573849386247
-1.7834892417450894
-1.882014688858266
-1.5358243905782967
-2.501756838342587
-2.234306056378927
-2.438308572598115
-1.140846915072562
-1.0165791468136203
-0.9049006592896945
-2.3500765655648514
-2.087683166855662
-1.6825578212608745
-1.3572537145533285
-1.1549440081741134
-0.6489327205785329
-2.367736764195013
-2.056611552001015
-1.9913525793716382
-1.7303465636215467
-1.6992800575508031
-1.4570461477486902
-2.004606910169989
-1.8470317249511483
-1.7659784631651185
-1.7442190137893339
-1.3772211284460054
-1.4943970226264316
-1.404710308101714
-1.220944827393835
-0.8658613939495381
-2.602196621248749
-2.2407206204452343
-2.109115969326562
-1.4380668990236543
-1.2859525224303452
-1.1744546536713893
-3.0104868528338837
-2.910173454098717
-2.899364928732364
-1.5647413966453272
-1.6324482598203782
-1.8325393937463272
-0.004459236348263396
0.40919274422972884
0.5486717457354996
-0.6685273563816013
-0.36412074093239544
-0.019181000116471558
-2.221528434373166
-2.242818135899585
-2.171979766729756
-2.855392546043716
-2.5602758512358164
-2.2530321788845606
-2.790920756142948
-2.777657287133766
-2.566563916221411
-0.7586266293472289
-0.7138364596874222
-0.5988625685966427
-1.1014831852859426
-0.7646958282751655
-0.5243088948852838
-1.5399465791326157
-1.3759379531881708
-1.1806429493632185
-1.5743992531100264
-1.4080237592110336
-1.2991981893607094
-1.3693363459486787
-1.2427504153755269
-1.406078746895974
-0.4998607182673942
-0.40474490413870656
-0.15134055252881284
-0.27083443124796613
-0.24990867052838367
0.0733771581604104
-1.1816293644860596
-0.8326892257524747
-0.6723603392350501
-0.9746025569385619
-1.0219893015737755
-1.0974312201132528
-1.0636608307951483
-0.9216317887935812
-0.7759910770866773
-1.7101775713635177
-1.653935544346055
-1.4417513179333525
-1.5738575148722393
-1.1733309087171966
-0.9949793509649958
-0.6770693510770536
-0.47915735555278777
-0.3019781140401455
-2.543395506414225
-2.0672247514895155
-1.9409731988351102
-0.4107417063309292
-0.44937574112749534
-0.47168867782238155
-0.8033514830658093
-0.5620904480910283
-0.5170739158251287
-0.4726628165195497
-0.3868112330605464
-0.27892689980116775
-0.46604757864127955
-0.5026375988751672
-0.7059078660127148
-1.2604726554789063
-1.0206043100548827
-0.8724647638885037
-1.3217736920997043
-1.1795993901246753
-1.0191941518656449
-0.6172575448563872
-0.5431958381834412
-0.4202091138811609
0.5870612759200187
0.8466577426681834
1.0421430340714926
-1.2969921485640747
-0.6679305963217662
-0.20029540180456107
-0.3082236352460366
-0.1308701392151665
-0.017693635197188307
-1.3946417653760848
-1.1157491537612692
-0.8448228873282327
-0.16279691423071835
-0.18189545763935133
-0.19906250334537356
-1.7399186326469995
-1.6449471932295865
-1.5651199937910167
-0.19148653920658026
-0.14136209192998533
0.041226294170520844
-0.939364459266014
-0.9038228738119665
-0.8900734177686815
-1.5719000326207653
-1.270475880087876
-1.1804196941833442
0.7340934953558158
1.3835938833800194
1.5659069829324075
-1.2115576652415943
-1.1500622477945441
-1.2087093814480885
-0.5405707519894464
-0.5541054150952294
-0.6018446994755651
-1.8543222110507673
-1.9274865940965769
-1.7464471705984013
-1.2129436867680599
-1.1590264616798787
-1.1485100494550373
-1.9813278162501513
-1.8856105043835454
-1.8102951926344615
-1.277872301230306
-0.8885131536672051
-0.7882062123413912
-1.0111096180815928
-0.8912022976032873
-0.9538025008060438
-2.088952400315778
-2.2030471417997632
-1.8746934209010901
-1.6992190207467526
-2.086244843059104
-2.1998069183625066
-1.096128964369154
-1.5373811089053349
-1.9091816996223598
-0.3266784991919809
-0.09498358143606708
0.2448641390175854
-0.4271426297300184
-0.36886331256914706
-0.3151020653129185
-1.6432274831029816
-1.425366477505115
-1.1896039380200096
-0.2895932826162641
-0.41808826950423794
-0.484057443557609
-0.5793723134984636
-0.4753123961649409
-0.4773360930933199
-1.7541670147553026
-1.895872992435812
-1.635455129641902
-1.6877148058653177
-1.7527378961508346
-1.8393200433648649
-1.4941614861951076
-1.4680755275747823
-1.3967138069232874
0.22622848482005334
0.2551096664997283
0.29784731326928765
-0.7339831737155973
-0.6778944782006153
-0.5032203530305304
-1.0687272635195
-0.8126407741407109
-0.6217423446459112
-1.042567054852631
-0.8208164623693186
-0.5356637424433767
-0.9916433657285931
-0.7735020999702935
-0.4824467427751503
-1.2828530750251237
-1.4655591324379342
-1.522413102440187
-0.6496111919883016
-0.3160638466388934
-0.33034364407645234
-0.9665769003496584
-0.7838414034889802
-0.36644579060936
-0.8189595790251002
-0.7843857343081331
-0.6457532301299961
-1.1580077330715635
-0.7964501558836208
-0.5994150431169594
-0.44214287034834543
-0.3546025352367697
-0.3806727985932773
-2.2024360220219297
-1.7393306952637104
-1.20553608396689
-0.8572936787672429
-1.2505196071645235
-1.5782392998807269
-0.9746601814407392
-0.8921861317003
-0.8204099587164908
-2.487468988496224
-2.4789679044358306
-2.2858426703478294
-2.0547822577671693
-1.676020864895329
-1.5824037133909241
0.7361790241342527
0.4997982026323768
0.08822812489102955
-1.9258948545608852
-1.4996310241938935
-1.3064613609085307
-1.253881570474564
-1.2401312796218105
-1.1975433258507904
-1.4180396213590363
-1.132921427627441
-0.8935564083676788
-1.327948625218017
-1.3453380673138784
-1.0908281036554492
-2.069683419409226
-2.2548100599198584
-2.41330996043947
-1.2649146453804363
-0.9354996655154343
-0.8937309481929638
-1.5603242032043718
-1.366979199079159
-1.2064032890855014
-1.4718658102634579
-1.6029637720009424
-1.2658366305636668
-1.0114649304873105
-0.71188312308013
-0.29484183388293117
-0.11800673673385137
0.10383348126546049
0.16048400616201003
0.11930286704886361
0.2873786398752163
0.46683277704941095
-0.5551321246527772
-0.3977579867666722
-0.13689345546870646
-0.9281093275856744
-0.8469822279289132
-0.6548706450667658
-1.9157069716858464
-1.6433298676706078
-1.6089805637205128
-1.4956484778923906
-1.3370156529683555
-0.9449935824483466
-1.079550413484643
-1.0035891358413642
-1.0671331793484375
-0.9966253897205697
-1.0399881631969556
-0.768032071931662
-0.818855025340155
-0.6435657163930834
-0.5543677162887303
-0.8988998978017126
-0.8807445578900961
-0.6310599450155676
-1.5061305117778536
-1.3419966010144826
-1.4508424297977998
-0.2730432506486733
-0.12233478922130536
-0.04437046713425752
-1.3823136888345373
-1.1469839895978455
-0.8464637769063178
-0.46437922143755306
-0.23781115748839615
0.17824103855006757
-1.3272311064813584
-1.1090135965735313
-1.0300768016941237
-0.9867076285145842
-0.8733460114523119
-0.6495765843099706
-1.0121000298872198
-0.8901189776460978
-0.8175841860453347
-0.6782171328388307
-0.33158919274109344
-0.3171108034010238
-0.6813087023230369
-0.552561979841959
-0.26867164354416506
-1.7189706648875172
-1.4060467225270064
-1.2836660686513355
-0.7430249884216004
-0.6264199586055108
-0.541459976106497
-2.0208299157441876
-1.9195217766093642
-1.9085506362433056
-0.7655803219908436
-0.7930219365723326
-1.0049003465123052
0.7062497797062208
1.1175893492183135
1.280080393339169
0.05946794502083569
0.28545142370863413
0.5823765185811726
-1.287116631839457
-1.263526106839064
-1.1601270061176154
-1.7808892311476936
-1.5238355298981663
-1.2711213426395138
-1.9123078607171595
-1.825121815712722
-1.6668299757106242
-0.008356352387389798
0.055144204588922385
0.13759326603148658
-0.19115075361305237
0.0772579923631575
0.14869082621604618
-1.2656651048454584
-1.2836674271366513
-1.3387049747154556
0.640194755735155
0.380956346968375
0.2948110957131071
-1.4391716039169462
-1.5961011102865146
-1.6558170635536023
-0.7361403844442624
-0.6917162482751448
-0.7990072793735825
-1.5952462906503566
-1.619904547791008
-1.526227060073002
0.009855030980386481
-0.008822010144151488
-0.022349292674354843
0.13524920563287857
0.03429518693267869
-0.18169192472626156
-1.5946954486836438
-1.619915339926715
-1.5494811467044423
-1.545501733463433
-1.7434148011236732
-1.7912647463730638
-0.6167958886647933
-0.7308081472534009
-0.9178594183677731
-0.02326231441279277
-0.035108300611204166
-0.10002357041653029
-1.1069570837633131
-0.9978635155701152
-1.1283929538252815
-0.9783942517975253
-0.8383541606958828
-0.7468793619383101
-0.7513146276557569
-0.7376594450034715
-0.7891386711034123
0.2748820665226407
0.16993058991634635
0.0978962914233876
-0.7662614976549735
-0.8033377026332233
-0.8716023422760775
-0.7309103987374391
-0.7690835252644167
-0.890104527759791
-0.09799857308699549
-0.33743579687776126
-0.6054979231097009
0.13146078775813586
-0.1409639171608918
-0.4737430233268705
-0.8621883202159685
-0.9342329689507269
-0.8083182682661301
-0.5926621748879353
-0.37814716195228515
-0.27827980606563885
-1.1645153339576448
-1.0412504891030763
-0.9226516654963403
-0.5858763716421843
-1.0044088427668696
-1.2010934260131432
0.35949830719419956
0.12076091839366068
-0.05592777490720137
-0.8190068010175723
-0.8844343905997187
-0.9581800152182309
-0.12353178069890736
-0.1017157259591292
-0.10655021200242853
-0.7591528690610185
-0.5578454779251251
-0.3752860793079974
-1.89144473690097
-2.0406404342711264
-2.0996863353537045
-1.2276976921480862
-1.2331793260827728
-1.2950091436236506
-0.037188942738180186
-0.15765383936472144
-0.29790294129784317
0.3016449589022333
0.365740021263911
0.5274070699228999
-0.8660280665038537
-0.7841309966731964
-0.8310221436139639
-0.6609988260709064
-0.7345196752148151
-0.6030911938602451
-1.126175897496032
-1.0237825705231214
-0.8870931212002277
-0.761989724729046
-1.0125439183920455
-1.1529077576157123
-0.3939349848431285
-0.3738675355085137
-0.39811337906776145
-0.7981814827779786
-0.8471655085018011
-1.0366006777571335
0.5329306610418302
0.6185308031892796
0.7361858733297629
-0.543521052068118
-0.20999011048838526
0.14627023641039405
-1.2595640620615756
-1.3584384788771637
-1.389748358466578
-0.5674073679358907
-0.5223809869854596
-0.4584121137634611
-0.9209258081826001
-0.8843716370522849
-0.8868570328734479
-0.08366354392159575
-0.17839726319938648
-0.3274862848071955
-1.530784470976515
-1.5687156044073969
-1.6454442107862048
-1.3961352808376546
-1.5315857627280782
-1.5309419174571426
-0.7671116087957935
-1.0080421259732923
-1.25323243213204
-0.19690495348850806
-0.21233814421118638
-0.23106421914015285
0.2559929484244008
0.5763451039218639
0.7379619596580276
-0.44298200847907143
-0.4214172777700108
-0.537686918590162
-0.8479539841008419
-0.7651326372417062
-0.59053821005309
-1.1024735903930472
-1.1061179237676564
-1.1598016852429318
-1.1329871634092559
-1.1323674048686838
-1.1625927652277142
-0.7978749056397214
-0.9677903947870117
-1.2093726949666923
-0.8622927817876386
-0.9345655858905926
-1.0955449703752052
-1.862571175827524
-1.7765468879301864
-1.6947093617097782
-0.3866617829127135
-0.4383678905188092
-0.5921759671465306
-0.9381895457823405
-1.0950284583109924
-1.279394074767251
-0.9890372719291031
-1.086460807176713
-1.2506708121372296
-1.6982813863132669
-1.6440018765400852
-1.6373671950496411
-0.020649612496172476
0.13591760211407164
0.23073540098708534
-0.058915190578997856
-0.08739778155244249
-0.14324438550979063
-0.25775206060046996
-0.2435394433916672
-0.3939455152502137
-1.6131276148887106
-1.8654264850571198
-1.9940798564892235
-0.6939366291687515
-0.6345597330060297
-0.6400905856058945
-1.4753546748128255
-1.559250139499559
-1.5947320646128567
-1.0968693945401353
-1.1746656308519192
-1.095048441820412
-0.6287579460784661
-0.4721534149202262
-0.4440536298068457
-1.4088329793943686
-1.2243717715299636
-1.0717908949231894
-0.7024913397557748
-0.8769267612415488
-0.9842396980591761
-0.8150081910610405
-0.6271243751373244
-0.5667268467923489
-1.241320958800646
-1.0971776220389127
-0.8518030215264984
-0.655930944557432
-0.7505600503223102
-0.6993408584024059
-1.0457007864029244
-0.8395940097884289
-0.8782706962392484
-0.573186199836053
-0.5896293047032649
-0.5428883217228889
-0.7809781789233723
-0.6430600324360735
-0.433422926401004
-1.3156236370590606
-1.3986542647096227
-1.4000083324453207
-0.4037923976722845
-0.3545769043061681
-0.38514961306903406
-0.29447324280554793
-0.41160079260994137
-0.36500802145130573
-0.5599021249169442
-0.7153152555012168
-1.066322559081751
-0.17244490674017585
-0.2108708442083928
-0.39575022637288626
-0.20446949398900033
-0.15648623717061383
-0.22105342556087793
-0.4004215183649539
-0.5974697057757399
-1.2096724177211213
-0.07839744479703226
-0.31478544970143574
-0.520989678423696
-0.05578718879958977
-0.004142158125831519
0.03079337211177474
-0.7167658788548565
-0.6831641756682073
-0.6037901658545051
-0.9440289711368588
-0.7697046599002566
-0.4979849967274409
-0.08147323083621538
-0.11381861531607984
-0.16955592423982974
-0.560482582543109
-0.3820819558323216
-0.18092791808314074
-1.0718445432302555
-1.065850992851609
-1.1636887514962437
-1.6573618491246347
-1.8020080923462367
-1.7403909022228001
-1.0239168591422783
-1.0046671128592193
-1.2296239427767817
-0.3465629604136429
-0.45283776240113094
-0.5090503574949448
-1.3352494027558062
-1.2838915334660972
-1.3172123705673653
-0.4941234207240839
-0.4880951952803852
-0.5418725888941975
-1.221658561437089
-1.5199683850033878
-1.7502565946569086
-1.57814127106122
-1.6404433459694345
-1.7793851329361465
-1.2681595329975415
-1.3609244883859324
-1.4999533292485747
-1.1527975113251538
-1.107465673078758
-1.0170859102781677
-0.6583831988817912
-0.676116058828814
-0.6837489423124803
-0.5620730847813369
-0.42725876907248406
-0.10278863929062776
-0.65465818949691
-0.546872780344727
-0.5508835146626893
-1.2335920216352403
-1.3017248006545545
-1.3398884342102577
0.16026966230393452
0.5114193050227454
0.6756486245130834
-0.6891559233539181
-0.6768423178896517
-0.7037994164288851
1.2789022815995275
1.0146756248340232
1.0364515246487918
-0.7532233545752115
-0.8270448332256755
-0.8714654876161798
-0.18113723938900178
-0.06728270953971321
-0.1426738347889907
-0.7887549704457708
-0.8161585922325056
-0.722183778432302
0.87567023670354
0.9153576407495252
0.881056716143374
0.7615635524237638
0.6893624694922719
0.5302217790324903
-0.8794130909676718
-0.8147280050739577
-0.7909576880455418
-0.7970844528305197
-0.922464600262462
-0.9322845882651853
-0.014854245116763698
-0.02205246141099143
-0.15919651704857513
0.31176599868791444
0.3575319702014433
0.3310227435785856
-0.5209170447833406
-0.31297787699795976
-0.37212189015338426
-0.3050243254809336
-0.16145778206036432
-0.09535506423834672
0.16281132912596485
0.17410566596928767
0.09312553539221362
0.5978110700652581
0.5346640401387693
0.5206758213065588
-0.02015521308954099
-0.08232886336468581
-0.15836257340422
-0.36094404018082965
-0.3854610331378869
-0.4597732906306951
0.4569112188232857
0.23707015905200146
-0.06969423961968749
0.4489373418382435
0.1921080613377789
-0.08900522214021284
-0.21771326687519493
-0.15084991955853344
-0.0818542546064184
0.10291677028879358
0.3058227765235305
0.43664567532584
-0.3317598783315646
-0.2651715474825863
-0.2462404488055931
0.21019787908371626
-0.07665353670431221
-0.12590797841194898
0.8298598610407654
0.6652436144368178
0.5334273960297812
-0.4157961242045526
-0.5391569613586984
-0.6405861010603209
0.34544483169374496
0.3877718096147825
0.39430930700244066
-0.5436207765287824
-0.38254162258029734
-0.23842403777261567
-1.3945768773092257
-1.5504243216744242
-1.463956289006569
-0.5841996930278135
-0.5933608468902324
-0.6949268910033317
0.7210984646490605
0.6705227551860244
0.5742751929200093
1.0012981383375972
1.1063422310584445
1.301978559145717
-0.38928890262503485
-0.3381401224237569
-0.3829818271830807
0.13171969145761475
0.020434448238052627
0.14340642942505888
-0.4893218142655679
-0.4393848529083748
-0.26971121446571034
-0.13027071992262754
-0.3759556170178106
-0.4530911184011778
0.04094570009618698
0.06927723482900319
0.05208085925148365
0.007060767574297633
-0.035240339840908075
-0.2243201688812474
0.9268455134959982
1.0359917999083053
1.199555908019715
0.11862531438275334
0.4512886472534433
0.782793200832422
-0.39488447761033557
-0.33381904171046467
-0.3347445925385602
0.04665631965353273
0.1367347787066353
0.2498087872895803
-0.42178902124217077
-0.42644109171474714
-0.4611954017776404
0.8168084002173984
0.8089476242447842
0.66403552497834
-0.9601113019996099
-1.014710033681407
-1.0985520292162565
-0.5394061128479781
-0.6057002945703305
-0.6423678629608822
-0.506570505810896
-0.7106396858007287
-0.913335158252755
0.6195565833488272
0.6950131371256645
0.6649612278393524
0.9285825279191073
1.2349231962646556
1.4104184814851226
-0.008237987298377325
-0.010398635018124686
-0.14643624792112106
-0.02082394659771386
0.12789876606679662
0.21473125245027308
-0.3180290826583324
-0.285486740828406
-0.38203900906390525
-0.4415965639022505
-0.49112057811763016
-0.5571106710057623
-0.022208105282002955
-0.10805671594888439
-0.3871855061088341
-0.2192607144951355
-0.22334381195491695
-0.30516795716812206
-1.0664534427432213
-1.0473399351248553
-0.9508857464116975
0.45079552581757865
0.46726735700452393
0.3819940719642494
-0.5422042372211564
-0.6985352861662913
-0.8111033108836733
-0.2900634722660278
-0.30597447760647517
-0.40031991954014734
-0.9996161351476873
-0.9361336297454493
-0.947583277261054
0.49066829465562956
0.6875104276046364
0.8272126698702562
0.46106367113595415
0.4396011409353901
0.3785460678402328
0.5439515253739441
0.5691409388960027
0.46291232626480183
-1.0600611665657313
-1.3237918724971762
-1.4466686958686288
-0.23637240146760352
-0.15799166424891625
-0.14985371977163858
-0.8442365445044726
-0.9145950905506328
-0.9134972161706784
-0.3298825626008035
-0.3305311200402332
-0.19132262466401168
0.002826148197757901
0.21943350099465025
0.24645568848063212
-0.8216970787599891
-0.6735698411921689
-0.5916696634448956
0.036129740780941
-0.19262429518491617
-0.3819968240344458
-0.10077880957351826
0.04327192687751957
0.037224208790624186
-0.5836286647034873
-0.45731022495102425
-0.17512781372245995
0.09317858449906735
0.03957492722002978
0.12915538675582428
-0.29625353129053855
-0.10523364982243832
-0.07538245435032676
0.2517243072857721
0.20784822082173254
0.21260462708532157
0.14732921795896206
0.2729787737564947
0.4436749689440159
-0.6941993291589832
-0.7210596819746674
-0.71998402367015
0.24811522173523726
0.2750601799726743
0.24951013339976524
0.523313267771295
0.3996066823670965
0.548016481609209
0.23217286104320814
0.20301946675697957
-0.040398461360368745
0.46750047578665455
0.5544058556984307
0.42846034007711303
0.3419267356355954
0.37351803308880055
0.2677014042116823
0.24594317585039396
0.07653366995644201
-0.43496888502779796
0.5933031256808433
0.3069655715376388
0.1461768784928939
0.7018483785410702
0.8180136406593095
0.9295759557527545
-0.18046441679777064
-0.19122069999562924
-0.05685015376663714
-0.13915161063795484
-0.004216402094696425
0.3446247686196455
0.7895154970327636
0.7725311727056815
0.7581316558059796
0.4074462319537685
0.5207336586334221
0.6269918968542745
-0.5712544794960648
-0.5565439459819153
-0.7080405341405872
-0.8530127658480153
-1.0198515046751204
-1.0191830867562932
-0.40308321495039623
-0.3054221697324871
-0.48897756480225296
0.19848442353675433
0.11550505462483462
0.05520847673649146
-0.6695239378804675
-0.5908135050485898
-0.6184732597484388
0.07853613552525285
0.07329102082972613
0.014434887008039243
-0.5271979771258611
-0.7607080519266082
-0.9175943641946713
-0.9647132738953089
-0.9415595583748853
-1.0961286423341507
-0.6965644421508854
-0.7186924199335643
-0.8665198563180572
-0.7348224078610873
-0.6541052780542795
-0.5146353021632672
-0.17576036311576124
-0.1719607897279019
-0.14988528005545884
0.32125213662124236
0.5035578467536452
0.8549638539721819
-0.13249007198694407
0.026412165448698732
0.07747638694107664
-0.39880716621038803
-0.49848212117780305
-0.5291376756581007
0.7379874615737713
1.1201550416600585
1.2872536812234863
-1.900824269322492
-1.9322890965569686
-1.988999584802932
0.38323477235118814
0.39157445071317143
0.2525064152209176
-1.5620186701387522
-1.6586130628264635
-1.6919943990145065
-1.3988071272369003
-1.5739074988646085
-1.7429386210662776
-1.2991412310272943
-1.2706542811217258
-1.1512668998823496
-0.26840332271929124
-0.20279434238788607
-0.17257312835451605
0.10064484172902616
0.0864728717071071
0.05523557353633188
-1.3663439115182796
-1.3755248070263524
-1.1980366175277277
-1.550279563150324
-1.6463209717173777
-1.6656019975410072
-0.517669923671236
-0.626084359840238
-0.8955472967375009
-0.1915590419031698
-0.1995867664852656
-0.2540139790856051
-1.3363007537400606
-1.2763447514239283
-1.187904581500109
-0.8099853974979139
-0.683684379984207
-0.6115213252703957
-0.8745485689037114
-0.8887847128621995
-0.804866036558235
0.22235240308538712
0.2638885968589936
0.315360958302658
-1.261626428822689
-1.0815031588482031
-0.9236736873626961
-0.9695190632029721
-1.0811454101014286
-1.3170061312047259
-0.4709407698500327
-0.47487187018974397
-0.39603722586897505
-1.0197830752971304
-1.2215101629509064
-1.357154863998535
-0.9211930738135607
-0.8874210096779036
-0.7629938267624717
-1.0536131230665469
-0.8574469938910583
-0.6165518384110997
-0.8757507784438466
-0.7654129904591028
-0.7135582462958094
-0.7373052231443252
-1.0280727320098817
-1.285420836166142
0.6765791585925233
0.7044599109893022
0.6518176597936352
-1.0207271094709593
-1.2392278167798088
-1.4512955181685991
-0.22510724891565614
-0.26965504883040176
-0.30668418861518126
-0.48749356530886645
-0.32330057416261915
-0.21549271364588096
-2.091230063825539
-2.0274141542545636
-1.9561822472348027
-1.2525166921879396
-1.3574004676872362
-1.365032258236096
-0.42973076541290334
-0.5369231319732373
-0.6495953377082346
0.07838303933845558
0.1577486905560005
0.33689377160364675
-0.691818364688514
-0.6884187011874687
-0.7867279057384843
-0.8892974786733798
-0.734779206417004
-0.6473990080196153
-1.0342868320093621
-0.9586493540127105
-0.9824525110252973
-1.0775508541367715
-1.2719831289022165
-1.607668393887045
-0.1321187678642934
-0.09251607774687498
-0.14251665649093537
-0.9773297608551181
-1.0326808276395458
-0.9919691156029601
0.4065403314279765
0.4961009084694803
0.612681223458527
-1.0743038766414204
-0.962422862965707
-0.8454092089203096
-0.7495475324654913
-0.8073016788312652
-0.7400829531327939
-0.5923780265984437
-0.4508348930123574
-0.38067739283174074
-0.8786107772486373
-0.9048786590007328
-0.9677752533760152
-0.3945726314363065
-0.6829430629597303
-0.7320146109037275
-1.595984602159008
-1.7083716923979617
-1.8865553504492314
-1.2498817712951267
-1.3143840587710705
-1.4371291941559097
-0.5710837070533901
-0.8732353156386252
-1.235041641695175
-0.42300684946225997
-0.4825023032081198
-0.5798423290073604
0.21070534877350988
0.46107866754106236
0.5726599404825863
-0.4830605212551332
-0.5907333921798358
-0.5729169704810956
-0.4375842232621457
-0.41451796110141614
-0.29969540561022656
-1.6005027599633903
-1.6320950259029618
-1.8067551418124137
-1.588539960176587
-1.5193757141800694
-1.49235044425515
-0.2988196329555608
-0.5748598510786554
-0.6754228477918103
-1.1876466140993254
-1.2402742628119687
-1.332827437290507
-1.5352048487073784
-1.3095881286144044
-1.2695869971949207
-0.484116901127709
-0.45541821916342295
-0.6022970418678792
-0.4726788062372588
-0.4639438734789385
-0.494052140685592
-0.9973478460105255
-0.9183650283197524
-0.9516439909803915
-1.824873899155784
-1.993183942235603
-1.9168431341517222
-0.4425697494012792
-0.29631567638809453
-0.1829804669879847
0.1263362312777136
0.08524248382612079
0.0773988170116725
-0.33710595243260727
-0.3578095032445884
-0.6665709250377199
-1.7417310489470597
-1.8829678316472045
-1.9107072994106877
-0.8786689518617758
-0.972996030298588
-0.9470919658957109
-1.742234293129448
-1.8344884741377538
-1.809573271526694
-0.03517845607614055
0.152153437761755
0.17828275770279273
-0.8153528879232775
-0.6354171083900845
-0.5584284651097894
-1.46511422007767
-1.2052104164731274
-1.1003012812923088
-0.44130685555056487
-0.6244985617405374
-0.7853254242417043
-0.9559107477517681
-0.8084467315669366
-0.6568484781702992
-0.8167057852267052
-0.5357113557341922
-0.36769277047500215
-1.263254035870128
-0.9921406763497223
-0.8007160107358722
-0.7756693528655016
-0.8780414427401813
-0.6731816541380474
-0.8007222508976848
-0.6272460763599004
-0.5142411149464929
-0.3860790432575566
-0.36528727063064925
-0.23186598185609367
-1.6363509260529931
-1.6245965704670302
-1.5348316412261993
-0.7538150500786074
-0.7817822017331038
-0.7258653773394353
-0.6574573247049696
-0.6325061176471215
-0.7088715778101919
-0.4201503225369728
-0.6510740333854567
-0.8197264745688331
-0.15878394376586846
-0.31182730248759283
-0.5011950937770943
-0.5011297069297522
-0.398660121403016
-0.30182690492162856
-0.6181905237148455
-0.8065257453621104
-1.0094330811752321
-0.33576484432108145
-0.22726946919091112
-0.40539337647252843
-0.22027220349277238
-0.3124624499144803
-0.29530703008259523
-0.928116646492817
-0.8174712783273811
-0.6500132722058941
-1.0677640121945284
-0.8313051161037852
-0.7608311596971135
0.02098262822619723
0.04018175012882025
0.0444271706879229
-0.30175173611892586
-0.3611110542898588
-0.44467197605131525
-1.160073229083114
-1.3163703032202276
-1.4018298277244408
-1.7997641584351771
-1.685772278096199
-1.718334585207127
-0.93165274755473
-0.925843909927345
-0.838903461384636
-0.6822637388006787
-0.7248846683286305
-0.8381450511215172
-1.6799376345605221
-1.5927932163883023
-1.5076849419547
-0.6404666746584262
-0.5401686069643707
-0.4839426522519197
-1.503034602431378
-1.6864311789417343
-1.8113958714528504
-1.0424456004783287
-1.1640142066329155
-1.3854121924796288
-1.2415047060089845
-1.1114711210062167
-1.313241516464564
-1.2587656981549653
-1.3845555775530498
-1.3080594156265895
-0.7896808823698396
-0.8216484506091437
-0.8272162306437482
-0.8043372167101877
-0.6105266989030811
-0.38579875526485985
-0.42798054919578243
-0.48854301970510433
-0.42336683923041024
-1.364214146571415
-1.3599556379466087
-1.44574197894277
0.18446692336048756
0.30893796145484786
0.29568887747173794
-1.1191471190231619
-1.1306200818363674
-1.1343108588663628
1.0132857421774895
1.0720208372889133
0.9689308225438049
-0.8247333632071003
-0.8113312090298707
-0.7945323456166903
-0.7725459611703721
-0.9481210104494795
-1.0669462791432205
-0.5277531496141495
-0.4765372945017785
-0.35873115082589807
0.5480433185433516
0.6214119226600324
0.6332619378285563
1.0152425158328855
1.0129441158822843
0.9713097367602013
-0.36167882891160225
-0.3291338330665134
-0.1650187902868212
-0.7189451389001309
-0.7401774723733707
-0.6769641523888035
0.20063246898445564
0.1760902693041202
-0.024990488763061897
0.19585317720033063
0.2364887998548924
0.22682121021531776
-0.49417162483342747
-0.37774713442908414
-0.30051722936676006
-0.1313176672962052
-0.005551738971349238
0.04899619535634747
-0.019656470797985853
0.005043737359661113
0.049688761826487245
0.5364589137359451
0.5982466765513151
0.679467732150407
-0.5578596465742548
-0.3688934665845671
-0.18239688642340254
-0.5169745867611923
-0.6164697039075411
-0.804679395203054
0.16043498122216543
0.12014268057127235
0.121892021535099
-0.7524688457722808
-0.9089572116566715
-1.0101906355058943
-0.4350830087093296
-0.2730678901951591
-0.05328303833791451
-0.30921012432446016
-0.12186096801612661
0.19758791230389927
-0.5644942168821993
-0.4526800519567344
-0.3759621800008642
0.12289919597307909
0.007711132663126147
-0.1292980738438998
1.0969140477222892
1.1353981944930367
1.1559875057279976
-0.5048355829557275
-0.6794197745075229
-0.8321750150920675
0.2672687916288442
0.2668976221910522
0.2796315552675526
-0.23784464266805427
-0.13015831031423541
-0.07852570974818662
-1.5323614317973384
-1.5087227622156325
-1.4704884885644396
-0.5305460339174957
-0.6223465876119525
-0.63979163755777
0.4236346798972561
0.34509700245180625
0.3203826870486426
0.8752189347491593
0.9412863193481232
1.147175744686766
-0.14009752819325821
-0.1284299981604019
-0.25181106697204375
-0.21824834007939145
-0.12193412910218246
-0.10017539221620791
-0.07127417307778713
0.005586425033721754
-0.0658314361324645
-0.38651129409157187
-0.5035017576820121
-0.7610796950461389
0.16814356905627786
0.231315866090969
0.2355904773401448
-0.038056406206469606
-0.10139581470924683
-0.05310237711678012
0.8370576068085668
0.9320658993980567
1.0775051964653537
-0.5062425530574683
-0.39465707325955984
-0.3179646040983982
-0.01993391219968707
0.06897021958996523
0.1889302099965392
0.12290919662944705
0.3237934110531668
0.42914590052311397
-0.29829830827903103
-0.34467010950923127
-0.41181427745498306
0.5101407148929591
0.2547379194620867
0.2868948957005098
-0.9136212797569355
-1.001186537764827
-1.1445236934423655
-0.3646483121577831
-0.36360995164348925
-0.3818468552297267
-0.20063212461430524
-0.42428153393867973
-0.701932970926276
0.3110296977614236
0.3546355446089291
0.32858330532059477
0.932655520512481
1.1431702064295546
1.287433852040689
0.13400419750048886
0.03471084569759633
0.05293866972009284
0.5019702850379206
0.49663501335727045
0.5862954226514917
-0.7834309753877526
-0.8064922225501936
-0.9095329909240646
-0.6662546908408209
-0.6427044891380234
-0.6521795400172984
0.3775517442484628
0.0923085343889159
0.06524026980052944
-0.3400466228390553
-0.334364612166663
-0.37533607281591674
-0.6467284418737526
-0.4355913035531918
-0.39038381171552033
0.34470054665901756
0.4297596917683621
0.30714047005123896
-0.05984548159038058
-0.040841298679306415
-0.022955559910400214
-0.2911476265427153
-0.21840729404035297
-0.1991809507524123
-1.1339328872090737
-1.3094854010414267
-1.27603307618736
0.08316273282433986
0.2527852675927492
0.4013823297151088
0.5466499128806719
0.5063940425057207
0.49197878791625027
0.4805026154279721
0.4873503673365832
0.257127962661333
-0.9560397383955852
-1.076390727872008
-1.1310891541749037
-0.19310296602027682
-0.27301339867408
-0.257220838153639
-1.043504787966499
-1.1234109290963903
-1.133757559413779
0.508678072524685
0.6741648766151933
0.7015749981225498
-0.0012834755934346131
0.24748240251419876
0.3348448450736235
-0.7435065257139606
-0.5503330042649104
-0.44072812056324406
0.09753459841700352
-0.1275228962117799
-0.3285046303581168
-0.18120529099914376
-0.07588331088733191
0.0054725277025194086
-0.1463521386563808
0.12028245251497774
0.3203148564989357
-0.503277243086329
-0.18849886790782128
0.04558309327154042
0.10877279778211565
0.11584310707040288
0.31945471557646277
0.013477793718967068
0.21966360048652647
0.4016271186086971
0.377332763509181
0.41039236370815096
0.531442307831528
-0.880032160286657
-0.8615682599213219
-0.7564518163455709
0.221531798084109
0.23109938450497125
0.2529227773405863
0.062253143306473246
0.21774049435800014
0.13738253746830698
0.27591454098782053
0.13543123086727687
0.08781792680118837
0.3516078563762905
0.295797061595946
0.2043204987334068
-0.14635573136466262
-0.030432112591606802
0.09173752721042669
0.2293034655023791
0.18027232395169734
0.0933660485028352
0.41428892630213343
0.6099815726501246
0.433594340181015
0.5728813543662201
0.4783956667008207
0.595330871929316
-0.32194522931592706
-0.1706502803831048
-0.01032698802180139
-0.22617563832448515
-0.004459298202267675
0.05639520301202
0.8596377297302868
0.892579233866731
0.9430294278206335
0.6018437010832747
0.5449759150555211
0.5300631757910785
-0.3947836081987705
-0.5391436866456354
-0.6029851067876035
-1.129751815613567
-0.9976226293058206
-1.01694241205238
-0.19170375445048374
-0.12984086233516845
0.06120180250433079
-0.139755813864487
-0.15955698364562315
-0.25869219249713554
-0.7061170821466085
-0.6272466510449043
-0.5158523346272972
-0.045232424849822456
0.027084006523437745
0.06899799213636876
-0.775174291712658
-0.8871314166825485
-0.9612687434587301
-0.3299288883011463
-0.4285339267242655
-0.6780936514005707
-0.2964708888494243
-0.18355720035229478
-0.4340089351912589
-0.5678778828300034
-0.6697655403224793
-0.6293418858904296
-0.3486300048961951
-0.41538121232788533
-0.44142626983689043
0.08271077557473838
0.2961005902847854
0.46041569435237784
0.23919163421279743
0.22620943582559222
0.3686170179220698
-0.5586184228903122
-0.5508241881420255
-0.5790900255819648
0.8417565163588288
0.9752574210202329
0.9631534916498738
*