Initial Line
Large
-3.4076555077705097
-3.2654061757463126
-2.780383837207123
-3.2036904100854255
-2.9153702510261517
-2.7461011482768276
-3.207445529456506
-3.022422239012773
-2.94452390188822
-1.5602297385982116
-1.2735102555941962
-1.1645163844846185
-2.3716371601740374
-2.179298942997377
-1.8771622186917853
-2.6183224593932692
-2.5693567740763794
-2.501551609093763
-2.294153692176952
-2.218903601058854
-2.488254111328551
-3.013976386064008
-3.1688308001089105
-3.185988448781071
-3.501624309556856
-3.3525110792694277
-3.2058037712740113
-2.678445992462221
-2.5084981426012956
-2.3127328305265484
-1.8936151337371743
-2.1166205557108584
-2.2695714817230397
-3.227532103692707
-2.7398038458152616
-2.41300249604479
-2.5046453709730385
-2.5009216388202384
-2.3194344090836343
-1.9385199270691835
-1.9168106865609218
-2.10075375267231
-2.123124525070673
-2.2215222542700177
-2.1526980716915336
-1.8267327377165405
-1.9951993763394107
-1.9428508288579551
-2.6216757631223304
-2.2268788986914254
-1.7316542744696681
-2.346778912698741
-1.8986102934594784
-1.5680602911375052
-1.9118246689942247
-1.7323330832046635
-1.6003577765506862
-0.9548912775695537
-0.836094261189665
-0.836390731050662
-2.853307893451152
-2.7010045589501805
-2.57135723925778
-2.2328328954713426
-2.6792203282940066
-3.0386840506960073
-2.8103643544632795
-2.5659846192370863
-2.1890925008635236
-1.0007865883968288
-1.1005282925502105
-1.306974522176315
-2.8791421935463557
-2.6057157559828816
-2.471427235444195
-1.519345292190358
-1.3745137316456006
-1.359976781141669
-2.502696822939516
-2.9137090811611825
-2.6350926662837253
-1.855870495000322
-1.9199732950392443
-2.1583606863666045
-1.340203997578476
-0.22528611422535672
0.39910889479519457
-1.9467419248999525
-1.8638349348201007
-1.3877227463418962
-3.251695428818558
-3.2278437409435785
-3.0485027623980674
-2.596474968847932
-2.9892164215620523
-3.234492030622428
-2.844289584354585
-2.9058540742405556
-2.893172310799254
-3.6286129557771174
-3.4685106737303344
-3.2046605212122468
-3.0158540406009497
-3.1867028797976515
-3.1514992196161455
-2.7621615573390272
-2.231029157150068
-1.9415953416958844
-2.7936087537375043
-2.780193975609156
-2.7839877073882686
-2.6870484852000756
-2.895384864876992
-2.9072589721587656
-2.2349727652475444
-2.765120423425807
-2.781885168086134
-2.8936983391008364
-2.6927911353464884
-2.2946231371043195
-2.9667816253089785
-2.5786677066517436
-2.3775609412051315
-3.074626216878308
-2.545237926641158
-2.1772991123681615
-1.9254681977548898
-1.9036645953974736
-1.8814557270741108
-1.6884392094449305
-1.9863273945237
-2.027528599372297
-2.6549644847852676
-2.844207883526459
-2.733062287467142
-2.692806188117775
-2.5886171527858988
-2.7150737111594356
-2.1611185010855616
-1.9915533252402016
-1.9604220982967275
-1.7497286043126592
-1.8891870859260071
-2.279338714672064
-2.855870242675965
-2.3221719068371742
-2.2378921341644173
-2.8820633878583743
-2.5511391870347264
-2.091844650829991
-2.2851307591582986
-2.0922678419689325
-1.761502188512778
-1.8427962675746803
-1.3769025956531151
-1.145874539665391
-1.8387968755264066
-1.8268291087318853
-1.8269199526423008
-1.9259378914688305
-1.6259512810816665
-1.5320106375643356
-2.6656153355690178
-2.533316683283263
-2.6383575695228654
-2.3094719131698964
-2.273586263227935
-2.1913874286034414
-1.3658498543810471
-1.125083501918208
-0.9572433226525614
-2.501412294104352
-2.349662150479179
-2.2874901555216214
-3.2917050807297805
-3.3524045580175947
-3.234386194469808
-2.6781017748128724
-2.596975210481162
-2.6482630593121073
-1.9323035962891928
-1.945807869978473
-2.0046956456780123
-3.8023972166175675
-3.2861760931319175
-3.1348786306957797
-3.6342964705475573
-3.326488169556333
-3.106003584305636
-0.8337257227981633
-1.4255649978996296
-1.7117385048103624
-3.0900995449453026
-2.557316260963529
-2.110716310796199
-2.7391823610009025
-2.760993090007581
-2.604407140793078
-2.269494761841197
-2.380212477327885
-2.6346995472529455
-2.3638534776635733
-2.218635351915827
-2.1101208106074436
-2.745769627755042
-2.7102087549126814
-2.835402403528274
-3.0953880502404463
-2.900990829950827
-2.7593838653999168
-3.490875809427459
-3.3541686080738247
-2.7903885777662008
-2.9190993769261704
-2.7253238446584396
-2.165274269451614
-2.1535483752900095
-1.9226425976596375
-1.703359949793871
-1.8151715498381824
-1.4875624646467784
-1.448749949522268
-1.9577647274025145
-1.8477150318110467
-1.8799973857710621
-2.051451754011277
-1.5801937544987257
-1.5051289340862688
-2.9306385065556375
-2.869229082328429
-2.3586867373207214
-2.5527321762465673
-2.657928308415686
-2.7924746291744906
-2.7048489722844664
-2.4366417030450824
-2.1132670423077884
-2.5742481802624657
-2.4051814361069965
-2.3631821513267974
-1.6017311563541288
-1.7485678672528733
-2.007147835691157
-1.7433648580790697
-1.5395349068253272
-1.2946564454192153
-2.021622586981535
-2.3394408506999307
-2.424074536361675
-2.9659055737862214
-3.349625937874857
-3.485347211538864
-1.999736458756698
-2.248337958930819
-2.110298887164172
-2.6630643859881795
-2.879722241087755
-2.944663263050053
-2.3692305921807257
-2.3410551502853103
-2.1825143825480255
-3.0307476245619616
-3.0896462458688116
-2.8104460339777244
-2.911335525949167
-2.280057259338336
-1.7140296315900319
-2.2017607982668115
-2.1085138183279155
-2.157464984211807
-2.5400072051010323
-2.323183070074394
-2.696549526555769
-2.851805273550508
-2.1779246332981432
-1.540718763716617
-3.244039830496636
-3.165172343900527
-2.9625757324715347
-1.5158332099051757
-1.467292484616661
-1.4890338969514327
-3.1320561186140035
-3.2405099417177556
-3.4340748751736445
-2.0370416849842092
-2.162399173108193
-2.3735852303669533
-0.6022349206026696
-0.39307174750515417
-0.3121983139605231
-1.1651324918829034
-1.1224707833924543
-1.079293317006048
-2.9107833707401634
-2.6865006659304456
-2.483904773758844
-2.6106038478701903
-1.9726341083455798
-1.6917953751144486
-3.47631994379287
-3.5459570261655435
-3.1990678586468237
-1.9494153826537572
-1.6518154114519523
-1.5949596876859884
-1.5047554256224611
-1.3697462627930534
-1.134460773559274
-3.4076555679867466
-3.2654060653097368
-2.7803837768188666
-3.2036896941840065
-2.9153702240107515
-2.7461011052376287
-3.2074429740979324
-3.022422287108119
-2.9445243086400104
-1.5602259560985892
-1.2735084134443513
-1.164516221356604
-2.3716361170240052
-2.179298677748041
-1.8771620938017666
-2.6183225012847897
-2.569356787374077
-2.5015515701860416
-2.2941537166839017
-2.2189039562212587
-2.4882539115608058
-3.0139762913867663
-3.1688306059011593
-3.1859886426235735
-3.5016244919796677
-3.352511053116132
-3.2058038415084082
-2.6784457655944505
-2.5084974528090207
-2.312732616669571
-1.8936151162240353
-2.1166206271983787
-2.269571311132753
-3.227531864884509
-2.7398040803869557
-2.4130023425304237
-2.504645505487579
-2.50092195560239
-2.3194339737073846
-1.9385207020221955
-1.9168108130368497
-2.1007548639764417
-2.1231231875393934
-2.221523538242881
-2.1526976218728455
-1.8267327694600999
-1.9951993072633751
-1.9428511875928263
-2.621676017076604
-2.226879965009319
-1.7316550717630816
-2.346778907817194
-1.8986103885290322
-1.5680603097745092
-1.9118240601200585
-1.732328575060538
-1.6003580310391174
-0.9548914772088043
-0.8360941792214862
-0.8363909820342788
-2.853307289696355
-2.7010045772604627
-2.5713574781621205
-2.232832958086307
-2.6792205029843568
-3.0386820197792614
-2.8103653717768777
-2.565988035082112
-2.1890932859536187
-1.0007866606264115
-1.1005283331996758
-1.3069744827379552
-2.879142905223486
-2.6057159739581284
-2.471426856162454
-1.5193457270676152
-1.3745138669160488
-1.3599830914345254
-2.5026963750641853
-2.913709285137416
-2.6350924594162706
-1.8558702494571888
-1.9199731558527264
-2.1583591496074215
-1.3402012541876722
-0.22528634223938515
0.3991088705264958
-1.9467420173795955
-1.863834943841105
-1.3877228741698768
-3.2516956468685456
-3.2278398948242417
-3.0485034323099898
-2.596474469293284
-2.9892165237085466
-3.234492027990896
-2.8442895976984923
-2.9058540429184347
-2.893173241084045
-3.6286128788889163
-3.4685106626640634
-3.2046603975688424
-3.015854102870528
-3.186704167414737
-3.1515089430340684
-2.762162029611196
-2.231029406576483
-1.9415950938081699
-2.793608040403357
-2.7801942056176507
-2.7839876450586947
-2.687047588078357
-2.895382453962265
-2.90725898656354
-2.2349724511428826
-2.7651207974978096
-2.781884969209857
-2.8936964709494992
-2.6927912467867827
-2.2946234641498346
-2.966780325572876
-2.5786675754695674
-2.3775609412763288
-3.0746253357801825
-2.545238313328311
-2.17729906451238
-1.9254688188143698
-1.9036646148546734
-1.8814553882394025
-1.688439152939143
-1.9863272384732185
-2.0275285732780315
-2.6549646241856806
-2.8442077221523085
-2.733062250903777
-2.6928062877179806
-2.5886172946972463
-2.7150737230443154
-2.1611184566194437
-1.9915535443326764
-1.9604220671552703
-1.74972836787273
-1.8891872256913258
-2.2793385892875255
-2.8558706561256475
-2.322171834745348
-2.2378921516599535
-2.882063254553759
-2.5511385934929534
-2.091844644109243
-2.2851308814672118
-2.0922676050193836
-1.7615017567124005
-1.8427961364095728
-1.3769004637516318
-1.1458750984371124
-1.8387969602914893
-1.826829192181333
-1.826919925716505
-1.9259378455648846
-1.6259521297753845
-1.5320106632105497
-2.665615244645179
-2.5333167202531457
-2.638357562426486
-2.309472138582779
-2.273585807342757
-2.191387491423793
-1.3658505481226224
-1.125084250390437
-0.9572432219069675
-2.501412157624374
-2.3496619071784575
-2.2874900488030887
-3.291703623381985
-3.3524027400010796
-3.234386220326139
-2.678101747661916
-2.5969753727060025
-2.6482628442104996
-1.9323031002320699
-1.9458075461283908
-2.0046951153732655
-3.8023967673127608
-3.2861760367944415
-3.134878771718511
-3.6342963712859033
-3.3264893785503715
-3.106003626200311
-0.8337253047856668
-1.4255654149195482
-1.7117384576018952
-3.090098599981607
-2.5573161923801733
-2.110716360749825
-2.7391823373451287
-2.76099283722972
-2.6044070983095398
-2.2694948826616264
-2.3802134038054072
-2.634699105963894
-2.3638548584481796
-2.218634794434735
-2.1101205594738337
-2.7457694792351157
-2.7102087675393562
-2.8354024289085316
-3.0953880877930646
-2.9009906540649197
-2.7593837314102947
-3.490875720052508
-3.3541685861924133
-2.7903886299551637
-2.9190994489680806
-2.7253245728022657
-2.1652745134724976
-2.153548416656027
-1.9226431388738265
-1.703359699932362
-1.8151715926395222
-1.4875631988601141
-1.4487508276449166
-1.9577640665506237
-1.8477159067210311
-1.87999726597663
-2.051452404944683
-1.5801928620559518
-1.5051283769258577
-2.930638756687944
-2.869229218401887
-2.3586868478100107
-2.5527320793637767
-2.6579288912550956
-2.7924740896428464
-2.7048502636724345
-2.436641774848586
-2.113266996527137
-2.5742486689873783
-2.4051814547940293
-2.3631823332451445
-1.6017321997825134
-1.7485690510920995
-2.00714841568998
-1.743365455115991
-1.5395327561889935
-1.2946573377336925
-2.021622865499615
-2.3394411367705583
-2.424074513570586
-2.9659059836295265
-3.349626243109233
-3.4853466323955127
-1.9997369876485283
-2.248337897657474
-2.1102987201588146
-2.663064137513433
-2.8797211459905556
-2.944663086672997
-2.3692301559793068
-2.341055374757318
-2.182514398428577
-3.0307476535788314
-3.0896465197840133
-2.8104475053031903
-2.9113355292580287
-2.2800572182645755
-1.7140300316409847
-2.2017617182548066
-2.108513975351582
-2.157465493665968
-2.5400073815554824
-2.323183068778452
-2.6965490797587
-2.851804934296137
-2.17792474020609
-1.5407183753315479
-3.244039646332567
-3.1651723299953534
-2.9625757601060965
-1.515833413531543
-1.4672912928727693
-1.4890332859205668
-3.1320560173478906
-3.240509833593882
-3.4340750535123323
-2.0370410182515792
-2.1623987523061006
-2.373585303960378
-0.602234821222599
-0.39307182852644273
-0.31219838404834266
-1.1651323999208558
-1.1224752129315958
-1.0792926323405845
-2.9107818983256597
-2.686500246450578
-2.4839025669569312
-2.6106043485239567
-1.9726344632697228
-1.6917956109816865
-3.476320042142812
-3.5459567145659285
-3.1990676404184004
-1.9494153842480015
-1.651815295920291
-1.5949598554543591
-1.504755125455561
-1.3697462474591666
-1.1344609144259317
-3.5345243637698562
-3.156887483958167
-2.4805513760276483
-2.6051280338161655
-2.6054961016713714
-2.590630625054102
-2.288594575442132
-2.24138453827507
-2.393525906500168
-2.3167518650244854
-2.0434488202680825
-1.6317344822483617
-0.9712652293271803
-0.7792589877704817
-0.49368684475681657
-3.0202561617649506
-2.972840924931715
-2.932210918034284
-2.284016235982447
-2.366691448429245
-2.764647587933771
-3.0702579497692746
-3.0923685097369145
-3.0369783349015274
-3.4098965530508596
-3.255066139054902
-3.1776096307593793
-2.4406322508946876
-2.1643961741395836
-2.020932981769593
-1.544788688381637
-1.4255798425831792
-1.4972099737280606
-3.2853346874133367
-2.8027570331153093
-2.4761648180366356
-1.1240774253697303
-1.3914403187432756
-1.531449625952228
-1.6413715386319634
-1.6669348776222657
-2.0252827851357456
-1.6746415688944547
-1.6958342668578406
-1.4449225899680962
-1.8626637638719037
-2.2920242212583255
-2.3071867712184497
-3.149936677051379
-2.9656851798524135
-2.5996773768747095
-2.3059620716890494
-2.012348302655899
-1.8917954563310062
-1.7762595194487307
-1.9183479919297928
-2.10124169933606
-0.2847514798085179
0.043696112665047915
0.13898744171767208
-2.5196052160498015
-2.2735078047129926
-2.0838652428650772
-1.9953137726063832
-2.084020760805467
-2.0781033313718593
-2.8573815519303967
-2.593487227394225
-2.3338708035760725
-0.9650868891351625
-1.0371861340937
-1.20064542996115
-3.0211775398785328
-2.560139469432504
-2.2021921348249043
-1.4722393950113908
-1.3084392099665845
-1.2510206080780955
-1.7677908858858984
-1.9085181283243287
-1.7394198763800128
-2.293502521050949
-2.045804292501097
-1.899497199558526
-1.6293090854740204
-0.7013470129837406
-0.11990586861961333
-2.4395470834592645
-2.662675848986835
-2.4394269373862247
-2.5753590286442622
-2.662257659577641
-2.6624053009384827
-2.653031936708783
-2.6965974933354824
-2.6410075883931228
-2.759828539164393
-2.6710594013020073
-2.7867693974387944
-3.5450897008955415
-3.44933744251175
-3.170762288640871
-2.349069059597333
-2.37705447464229
-2.3709732795291742
-2.660206494594185
-2.5426365519167247
-2.577395818205648
-2.8508132161577455
-3.1089863465547882
-3.2825406719055437
-3.1556345717265044
-3.425272666981433
-3.4712619335980452
-2.664725888325071
-3.1137310150300754
-3.201978515703745
-1.868115866802957
-1.5373035533133712
-1.1764729469028543
-2.4835545399773973
-2.3736039097638653
-2.4389568522912453
-2.9409605470013735
-2.2379657493736573
-1.6849315582144764
-2.161214722320267
-1.987215886425338
-1.8005933169937278
-1.436091078205147
-1.6317854778496885
-1.6886696778573418
-3.2748850829594724
-3.0893655909834736
-2.590024065630094
-2.853236873111817
-2.721233041551595
-2.7752136723647354
-2.538095252676736
-2.3722095895743665
-2.341217486592962
-1.4247096980489098
-1.7949716659794137
-2.4660851834465984
-2.533742082416557
-2.0271928017590874
-1.950305169717931
-2.737311168238829
-2.1704774581181274
-1.6620489987381704
-2.4992154788473036
-2.5175620000455936
-2.3402002853901838
-2.317168817193222
-1.9108973588922165
-1.7312231786671446
-2.383893966037648
-2.459337677954697
-2.473399163043529
-2.142937236821467
-1.6995773763547914
-1.520927853191636
-2.846943685605839
-2.6484491058203554
-2.534010073245235
-2.6413886729025178
-2.5302236993379603
-2.3248778243510637
-1.953397448001947
-1.6616388671879385
-1.4417334772941037
-2.091338795588391
-1.8352176757132281
-1.8084326855542203
-3.452447668492754
-3.434858798730091
-3.1309017846187936
-2.729209349793918
-2.8901925581659236
-3.0424086030406836
-1.5461431524272995
-1.0098421312662285
-0.8567072486241444
-2.934361841419838
-2.6912229217729897
-3.0708889487414988
-3.1634301860597547
-2.9061011336066254
-2.8718649158862863
-0.6101865732235436
-1.0445752533857517
-1.1407900658019292
-2.9987542199450345
-2.3793223834885144
-1.887726085490974
-2.7331622491657686
-2.7889364387763145
-2.8358516962396676
-2.419967330260164
-2.286333244445178
-2.2105682003961213
-2.5980921255977893
-2.3597741886785935
-2.147209867342891
-2.6731392446927487
-2.8531069182772644
-3.189888491918574
-2.6026817385600167
-2.0353242346400098
-1.7648975387401844
-3.0075111507091625
-3.1401713978551324
-2.966042788284242
-3.169944763952195
-3.203958407243177
-2.7794664914026685
-2.1632969621735088
-1.9153678828481149
-1.7649109048958822
-1.6753117779721345
-1.3655346157363226
-1.375957188692451
-1.5142803635436615
-1.1840131477383518
-0.9658519421606651
-1.9404543033454387
-1.7087431606707597
-1.6281649457035428
-2.586365385397644
-2.6793267754875094
-2.2225420602190713
-2.977083977742315
-2.94423302142636
-2.7845385024312255
-2.511632139747749
-2.224044872122577
-1.9350637331236313
-2.481956113393773
-2.2173123565109183
-2.0625513843093675
-1.6141655124028016
-1.6969162127367616
-1.6385900299604055
-1.8722192528521426
-1.9072132037692546
-1.691209267264033
-2.6479161331142653
-2.832215115009342
-2.6526111790295053
-2.7692181666527835
-3.0582181595649396
-2.8866532432612635
-2.218777457517426
-2.3088561371294434
-2.051505434569415
-2.2645936683355856
-2.067056249318093
-1.9265066747226527
-2.42279939532271
-2.346698446145548
-1.974877629371354
-3.0545793307600304
-2.7900123793916505
-2.377416524796169
-2.3296062171727985
-1.8632324389607993
-1.5806075407434181
-2.64714084736295
-2.477882184172671
-2.3556447639392726
-2.4331161935317067
-2.3578949593689886
-2.8654536091545406
-2.066115540737933
-1.4983104639512836
-0.9212634258527668
-2.794581115650762
-2.9971719767851948
-2.9747799436134894
-1.6473372971170384
-1.348015366685412
-1.1573223360177842
-3.092661610798358
-2.803141166539456
-2.9279832650080726
-2.057123758358313
-2.054257854675775
-2.1877181233021883
-0.86063834029131
-0.7713160924399857
-0.6593871632910927
-1.2333282266159011
-1.1616953320874066
-0.9606222871201663
-2.981031881955517
-2.744885466540425
-2.630147362276416
-3.3434484013586667
-3.042729534329018
-2.707826552973645
-3.5851880513175747
-3.604299644695545
-3.2359761961317917
-1.6848689562020156
-1.264450943556456
-1.134544438593415
-1.597147047840234
-1.42835177422085
-1.3566573702279903
-3.534524403645121
-3.156887470380292
-2.4805501966609755
-2.605128047199951
-2.6054961472459937
-2.5906307714489447
-2.288594748465298
-2.2413847898565145
-2.393525881133576
-2.316751179043181
-2.0434498545524966
-1.6317353491967679
-0.9712654063929834
-0.7792590675053015
-0.493686714823641
-3.0202561572871307
-2.9728405966083047
-2.9322110048723604
-2.2840163030152008
-2.3666910383421325
-2.7646473193944803
-3.070257776524148
-3.0923685972237416
-3.0369784504130144
-3.409895762443948
-3.255066141286101
-3.1776094816595277
-2.44063260236413
-2.164396268109642
-2.0209343773644357
-1.5447886519693208
-1.425580075969377
-1.4972108520881329
-3.2853347742365493
-2.8027570013526164
-2.4761648773996447
-1.1240774534945106
-1.3914401566743075
-1.531449561428837
-1.641371530110706
-1.666934379023894
-2.0252818132192627
-1.674641553255511
-1.6958338599207927
-1.4449235872557953
-1.8626638710018255
-2.2920237211059646
-2.3071867578184486
-3.149936494572761
-2.9656852293863425
-2.5996778893466286
-2.3059620114670576
-2.012348194587183
-1.8917954580535647
-1.7762594835106253
-1.9183469585157682
-2.1012411999719722
-0.28475166984629563
0.043696433758654396
0.13898744502157123
-2.519605410219784
-2.2735077817607015
-2.083864768686617
-1.9953140229855517
-2.0840208152643256
-2.0781033543464704
-2.8573817325754804
-2.593486962173649
-2.333870971935605
-0.9650871351463142
-1.03718645205384
-1.2006455630336146
-3.021177551293313
-2.560139689366566
-2.2021920462280478
-1.4722387108850008
-1.308438974088113
-1.2510205051142358
-1.767790808873362
-1.9085171052190668
-1.7394179703337844
-2.2935023333241453
-2.045804045847744
-1.899497202361852
-1.6293089919718575
-0.7013475068468711
-0.11990640511583928
-2.439547253015758
-2.6626759210546687
-2.43942662656022
-2.5753590801975625
-2.662257204056057
-2.6624053713141116
-2.6530316123879416
-2.696597144741289
-2.641008285031152
-2.7598282984918283
-2.6710593334674586
-2.7867697670960974
-3.545089842079713
-3.4493357092676056
-3.1707617479311936
-2.3490699103335704
-2.3770545733022903
-2.370971329750507
-2.660209617552783
-2.5426363439812407
-2.5773954224429083
-2.8508128569227282
-3.10898621976642
-3.2825409865760893
-3.1556391139790474
-3.4252726349369573
-3.4712622457573707
-2.6647257776024698
-3.1137314207932536
-3.2019778148847706
-1.868115957480931
-1.5373034914069108
-1.1764724881137636
-2.4835536000879133
-2.3736035408343943
-2.4389534977746785
-2.9409607663913837
-2.23796543115677
-1.6849320508528778
-2.161217829382947
-1.9872163180078832
-1.8005935214097928
-1.4360907405412007
-1.6317794010306461
-1.6886641843360457
-3.2748841705595204
-3.0893636054464397
-2.59002206487464
-2.853237127251612
-2.7212325479940294
-2.7752103293998776
-2.538095299081842
-2.3722096258026655
-2.3412175058636495
-1.4247112625030993
-1.7949648035035084
-2.4660842406928625
-2.5337397552445875
-2.027190340232684
-1.9503051724566505
-2.7373118398546357
-2.170477400071176
-1.662048940639146
-2.4992134032410727
-2.5175616386039046
-2.34020054170192
-2.317169246680841
-1.9108980511092233
-1.7312160357612891
-2.3838939304528814
-2.4593378500198737
-2.473399805822808
-2.142936856341906
-1.699577289847793
-1.5209295597353196
-2.846946073015965
-2.6484418174983775
-2.534007604718133
-2.641389059283391
-2.5302242008142577
-2.3248778784003044
-1.9533957827907378
-1.6616388355006229
-1.4417334205150234
-2.091337039802917
-1.8352182612180699
-1.8084321043883609
-3.45244234629945
-3.4348536432243013
-3.1309008400677123
-2.7292115959618113
-2.8901937285208588
-3.04240846597911
-1.5461413392009584
-1.0098421194405158
-0.8567071107338061
-2.93436220960921
-2.6912231151249797
-3.0708910771663795
-3.163430286817073
-2.90610543508889
-2.8718676192411765
-0.6101873407282716
-1.044575496605447
-1.1407949940171884
-2.998754857777935
-2.379320714621546
-1.8877238699588108
-2.7331635088513053
-2.7889366447442647
-2.8358494978370823
-2.419967798309585
-2.286331837927321
-2.2105645686784885
-2.5980890276689372
-2.359766406432054
-2.1472105500597256
-2.673139866324784
-2.853106774166949
-3.1898878583135115
-2.602682045492097
-2.0353244477446295
-1.764900364718879
-3.007507560756173
-3.140173666589403
-2.966041693733592
-3.169945932037226
-3.2039609168458747
-2.779464767395879
-2.163297715801127
-1.9153669775540991
-1.764910770063898
-1.6753084107749259
-1.3655307184941532
-1.3759576325333258
-1.514278797031722
-1.184013307681579
-0.9658524955477608
-1.9404560367825514
-1.7087421063326707
-1.628163835265564
-2.5863652845217215
-2.6793268750885177
-2.2225421613856673
-2.97708716755718
-2.944239757530242
-2.784538542455252
-2.511636497245574
-2.2240450591935454
-1.9350638781923757
-2.481955833942857
-2.217308405908219
-2.062552927493001
-1.6141681535870318
-1.6969163524810784
-1.6385908630918782
-1.8722159756705556
-1.9072004496680615
-1.6912040795767642
-2.6479184261453113
-2.832213763945523
-2.652610211116171
-2.769218576575221
-3.0582168781318586
-2.8866535069126593
-2.218777421038005
-2.3088551477768258
-2.0515020554235757
-2.264593841862455
-2.0670561423038247
-1.926510280480464
-2.422801604761727
-2.346694872222602
-1.9748776000120285
-3.054580855340266
-2.790018062718879
-2.3774165480677705
-2.3296051664940434
-1.863230184374093
-1.580607358605151
-2.6471325812186097
-2.4778757488029033
-2.355643849825236
-2.4331145405193313
-2.3578951378350195
-2.86545087606564
-2.0661152681518336
-1.4983108872534772
-0.9212630217213198
-2.7945751235463088
-2.997165362133358
-2.974781354196267
-1.647337410604125
-1.3480167451778144
-1.1573222369604994
-3.0926616736214205
-2.8031404450021578
-2.927982708913153
-2.057122419372166
-2.0542558011467165
-2.187716566506988
-0.8606379643297088
-0.7713143483680986
-0.6593840803891861
-1.2333335713395386
-1.161694939250336
-0.9606226246863653
-2.9810317504230164
-2.7448858968704
-2.6301457742531653
-3.3434458564355527
-3.042728443822163
-2.7078266674399423
-3.585188418469908
-3.6042995671097025
-3.2359771233029573
-1.6848687592153144
-1.2644510990487707
-1.1345445548447095
-1.597146984222208
-1.4283518317234576
-1.3566571242919518
-1.841308695383177
-1.7176476798186942
-1.5748429861767559
0.1428422803272536
-0.07748210037838105
-0.35508294414528724
-2.3430211451241547
-2.263702612938801
-2.014350438365687
-1.3112836768228584
-1.4712509383326586
-1.7984900820311958
-2.4653661523369337
-2.4617959023146545
-2.201424776492343
-0.8526129478131899
-1.1592890916748073
-1.3856110578723269
-0.03099689872286343
-0.1541923456598233
-0.25514725750039957
-2.1720723684560066
-2.229356523842008
-1.887469146956053
-1.9008265184295543
-2.2357271931398497
-2.5675440758052943
-1.625389428666023
-1.4837803631997326
-1.4675758468164994
-0.6264154725903253
-0.735373777164646
-0.8098899846877194
-1.02151243989751
-1.188648377456337
-1.3139854319975761
-0.9872529416374674
-0.9175759184576997
-0.75628989447841
-0.5307731955751915
-0.3199447311228662
-0.22056660313691806
-0.07793843924258717
-0.1545321429250336
-0.1689146955906456
-1.0330557584341582
-1.0193289275533532
-1.095670506999932
-0.9859431950894081
-0.9463935537280019
-0.9099694899316704
-0.9858301596162589
-1.242058315123297
-1.5179262678198573
-0.6212646379218933
-0.6725447971312476
-0.8548229621559555
-0.920951810008442
-0.9291113443617519
-1.0721340594841724
-1.1038717951065598
-0.7283048326188731
-0.5275876158371793
-1.6911870571980572
-1.8783000300238366
-1.8768822859276226
-1.1996478674038837
-1.1786547672628822
-1.1828736318568422
-0.04740019458024716
0.01024052314179369
-0.33441814689770016
-1.0077886505037605
-0.9880701143071554
-1.1566071957231792
-0.8169563727191773
-0.8225870075396388
-0.9067817105960497
-0.5466990846850038
-0.4754957355287386
-0.3092170327024
-2.5027696208009265
-2.223385081344654
-1.5854582253659266
-1.2490503452748578
-1.2024501721387881
-1.1847878820277513
-0.7147533224734972
-0.8470201255453076
-1.0437195708408218
-0.8609448379207071
-0.9298848166505467
-0.7268741487358709
-0.6862593572280514
-0.5580506815220637
-0.6440967346432949
-1.556097761640899
-1.1230765075285793
-0.8273184555095356
-1.5419171553383566
-1.53270459834028
-1.699865968507727
-0.9021372200127277
-1.0336488123009484
-1.0225752602008051
-0.8592217393629258
-0.7991580994956923
-0.6550850799757971
-1.9316883894038037
-1.9699737635963395
-2.057174039318971
0.33481614009005295
0.3278950130126439
0.2389699531759223
-0.6506672222394323
-0.5571709559636683
-0.5911861882803833
-2.3889997357430146
-2.360043178266083
-2.217061984767567
-1.2684132095699296
-0.9431996008604315
-0.6477601095067442
-1.504458469877486
-1.4002727287096932
-1.2150994105038562
-0.6121446858986397
-0.4483591073274113
-0.3577169025457775
-2.0360748287455612
-2.243466559695239
-2.3329137469891355
-2.1216848077748325
-2.006223800869868
-1.478728460113143
-0.8638168797725998
-1.2586513903380956
-1.795777194759985
-1.2549428501578372
-1.152070580295665
-1.2335373457780954
-0.5901212160283448
-0.19139986546711552
-0.10413047539996001
-0.5706498152035511
-0.5335445435661239
-0.7115220661993866
-1.4200188620276215
-1.3399289092372362
-1.331695438667112
-1.500441937850595
-1.5347414564757018
-1.5950238163660235
-1.3293995484685985
-1.2657024201660283
-1.3024584269275659
-1.1668919544173435
-1.3160676216267748
-1.4854851316436846
-1.678108861276034
-1.7917017374128679
-2.0258295630044154
-2.326770531366437
-2.1370321512886834
-2.181557943249251
-1.0718999536544584
-1.034988164699736
-1.0864473596506838
-1.4686991805512235
-1.4920157432166812
-1.5650204019013025
-0.4246388991600867
-0.5731394242976262
-0.9871508310171557
-2.573010003620017
-2.7767004571164358
-2.822706472260658
-0.8522207748544783
-1.012961200824726
-1.131883019017697
-0.05334166213252669
-0.2414524117076771
-0.48186337770607046
-1.4630169484726825
-1.2475995815486138
-1.2403968493468367
-2.836236000091292
-3.1296370620543588
-3.126830378972838
-1.4199527691278784
-1.8190040687952735
-1.9147954370271822
-1.631741907638779
-1.5880475371928093
-1.550865694854218
-1.2017991836462836
-1.2470417519371224
-1.2690551134234502
-1.3038518506272487
-1.0953434587817237
-0.9669857387935183
-1.413574719680005
-1.236482030614757
-1.0407816489139834
-1.272339249150293
-1.5820437551363207
-1.8454858835625847
-1.634756262693308
-1.7434377078110872
-1.7957918652577445
-1.9282916807916237
-2.0831599823730866
-1.850770481521053
-1.9651641539928926
-1.8459536016314377
-1.516761776262031
-1.065968794668775
-0.8946839584000099
-0.9971852435456292
-1.4113692236662918
-1.5160364379257194
-1.6449275056804713
-1.5809157303337318
-1.1217938620854684
-0.6718568601004381
-2.635096689639627
-2.4020897440918727
-2.012580456953602
-0.9373095557182916
-0.6770733218577175
-0.45462078246669635
-0.8128273933478923
-1.1203606582316006
-1.5363067641414538
-1.0799332347073314
-1.182088916891023
-1.3659189589527116
-0.22874190216571105
-0.3615887558229316
-0.5715482663552127
-0.4305564138302711
-0.3746786399967482
-0.4962898082961581
-0.7034086047776855
-1.133422308445105
-1.3480229284008338
-0.38441831756488165
-0.5921016437300217
-0.692213623641573
-0.9392698235614804
-1.001235710770305
-1.1292185467087728
-0.8969653450620718
-1.0081390686212388
-1.250657617837652
-1.1334965786171365
-0.7686356285766931
-0.5758678682863536
-1.5043600499069165
-1.7581728634751557
-1.8510214329597692
-0.7053795697932935
-0.4495155332356197
-0.17606726488327057
-1.377134090260835
-1.3253610224692691
-1.2936341458920895
-1.2704246108922057
-1.2497142643428651
-1.2796938695759992
-2.555097574366341
-2.1742468119324547
-2.1225931850858024
-0.7361393425649345
-0.7787020186086062
-0.7453073228173202
-1.6492327224960286
-1.9422971363253945
-2.274840170967325
-0.8573444332266043
-0.8587027417804564
-1.0060682191642438
-1.2050255296662107
-1.4032458078557932
-1.6309285099664197
-2.030226184244032
-2.3394757763386522
-2.6749859430156997
-2.1045058353704817
-2.380405179651774
-2.6625294546798015
-1.7652063034400598
-1.6804740719560562
-1.4534905249817953
-1.0225710493832414
-0.7786255147479113
-0.6539003034059964
-1.6260000082092718
-1.2672833777255967
-0.9388521896770646
-0.953685720869333
-1.251458185837509
-1.3036482006399561
-1.6249989644823102
-1.545511172932283
-1.6225450466907443
-0.13672435695612406
-0.23442100588832995
-0.35153671945840415
-1.8413038740664245
-1.7176453669560994
-1.5748422436684875
0.1428422283265181
-0.07748162334261202
-0.3550867030126545
-2.3430187784526932
-2.2637019291521323
-2.0143496257469775
-1.3112868328850769
-1.4712532474002538
-1.7984899628894495
-2.465367031351143
-2.4617959138572556
-2.2014253512766704
-0.8526124377548524
-1.1592895710253546
-1.3856091691694639
-0.030997072588609842
-0.15419228818483033
-0.2551504305594823
-2.172072280873944
-2.2293564990629124
-1.887469191547171
-1.9008268389007326
-2.2357247469867243
-2.567543982062143
-1.6253898089058105
-1.4837803120449948
-1.467578663865393
-0.6264152857365939
-0.7353743020458848
-0.8098908766404707
-1.0215121969082759
-1.1886439937496005
-1.3139852917498416
-0.9872530273132485
-0.9175750778429199
-0.7562898392283749
-0.5307715939574936
-0.3199446239835856
-0.22056565602043182
-0.0779384256083191
-0.15453207827030163
-0.16891455402757233
-1.033057109418297
-1.019328938864408
-1.0956705682707928
-0.9859432155283183
-0.946393855136752
-0.9099692149758064
-0.9858317473836675
-1.2420583468301265
-1.517925885987105
-0.621264794487501
-0.6725451817515876
-0.8548236735042727
-0.9209508124349954
-0.9291112961952157
-1.0721338961528049
-1.1038690749917979
-0.7283004697662905
-0.5275877774580158
-1.6911860980948266
-1.8782995867838665
-1.8768823517698934
-1.199644492406583
-1.1786550332889916
-1.1828739558772248
-0.047400217776413706
0.010241178589509847
-0.33442243304412345
-1.00778684687042
-0.9880702993626078
-1.1566071755195078
-0.8169561112665709
-0.8225862844236126
-0.9067758965940146
-0.5467084606203433
-0.4755056187301934
-0.30922443627649904
-2.5027697517098138
-2.2233862329056544
-1.5854605720077488
-1.2490534859454916
-1.2024522543423068
-1.1847877614128333
-0.7147530912579114
-0.8470187779032836
-1.0437196669936175
-0.8609447205374026
-0.9298847756578996
-0.7268740911803921
-0.6862595187824452
-0.5580507276995196
-0.6440967817216671
-1.5560978210811771
-1.1230762581009939
-0.8273188068788913
-1.5419188839227966
-1.5327048392891771
-1.699865962801634
-0.9021368499674154
-1.0336488766234058
-1.0225772407858797
-0.8592188624827497
-0.799158119900474
-0.6550851044979211
-1.9316913664402806
-1.9699733238078565
-2.0571762596449434
0.3348163292874631
0.32789502365368245
0.23897024187331586
-0.6506646052226066
-0.5571705488914489
-0.5911843916881253
-2.3889986749173215
-2.360043229277044
-2.2170615283814934
-1.2684130125407151
-0.9431996103780925
-0.6477588144811277
-1.5044579348698601
-1.4002715368154877
-1.2150997961674515
-0.6121448483458996
-0.4483589498804539
-0.3577175727794701
-2.036074700608496
-2.2434651726002226
-2.3329137278668672
-2.12168193159355
-2.00622323496394
-1.4787269530478733
-0.8638175960112888
-1.258651537880959
-1.795777248792837
-1.2549440111272183
-1.1520706677874184
-1.2335373575257897
-0.5901185471117235
-0.19139476102212005
-0.10412556771271769
-0.570649669357824
-0.5335435382959635
-0.7115220638992296
-1.4200190152109866
-1.3399282401968138
-1.3316961444994835
-1.5004420437816268
-1.5347415408026284
-1.5950245384068489
-1.3293995221114434
-1.2657010970406128
-1.3024582109764573
-1.1668919823618369
-1.316067854381545
-1.4854848480138885
-1.6781096670187763
-1.791702795603559
-2.025829023381036
-2.3267708309877673
-2.1370325518411644
-2.1815582410976506
-1.0718999300571959
-1.0349881460117827
-1.0864468893285815
-1.4686991733986683
-1.4920157114512156
-1.5650208519446895
-0.42463876097535236
-0.5731369872815966
-0.987150732166485
-2.573009555285764
-2.776700341440014
-2.822706445624324
-0.852219582693122
-1.012961266646787
-1.1318836894708761
-0.05334172100775619
-0.24145197051026793
-0.4818636540953716
-1.4630160689319025
-1.2475996207441078
-1.2403978264571363
-2.8362342511449667
-3.129636510375475
-3.1268304375050557
-1.419954971700791
-1.819008473081342
-1.914795399928471
-1.631742615341575
-1.5880467554576647
-1.5508636431538863
-1.201797733608787
-1.247041254575507
-1.2690541605220735
-1.3038516741977395
-1.0953443862850185
-0.9669862042768205
-1.4135738269290092
-1.2364822616949422
-1.040781626864695
-1.2723387235826111
-1.5820439091096774
-1.8454859831579928
-1.6347559034441177
-1.7434380652408983
-1.7957922619735347
-1.9282916755883552
-2.0831589676874014
-1.8507704985606344
-1.965164191755255
-1.845953419811328
-1.5167617258654094
-1.0659687360957748
-0.8946851080320088
-0.9971852400484956
-1.4113690123204616
-1.5160363937246308
-1.6449273745574158
-1.5809149092354002
-1.121793375630503
-0.6718538172786167
-2.6350926059304243
-2.4020897223443405
-2.012580549155004
-0.937309349471752
-0.677073218547056
-0.4546207207264185
-0.8128274217429858
-1.1203606699819166
-1.5363064986528419
-1.079932660140333
-1.1820879017482593
-1.365918801291833
-0.22874192764451856
-0.36159062838110256
-0.5715482965536427
-0.4305564980161046
-0.37467873820921194
-0.49628985307219275
-0.7034084979053268
-1.133422403851113
-1.348022776742083
-0.38441833203663356
-0.5921016508748925
-0.6922132617136347
-0.9392697011163155
-1.001235824869742
-1.1292164326054988
-0.8969657928168551
-1.0081333090910725
-1.2506546457471104
-1.1334957215462111
-0.7686357490153636
-0.5758679573789852
-1.5043606772065095
-1.758174553187569
-1.8510214213046803
-0.7053788120557931
-0.44951566310086266
-0.17606732571018846
-1.3771352002218857
-1.3253610279619128
-1.2936345753302287
-1.2704246501399648
-1.2497142333920273
-1.2796939136790766
-2.5550976489756847
-2.1742472397901613
-2.122592228552545
-0.7361371004549783
-0.7787022540164319
-0.7453039243611815
-1.6492327647249612
-1.9422973041794542
-2.274840453246373
-0.8573453516064653
-0.8587028113635244
-1.0060682352449715
-1.2050256772727728
-1.403245850572154
-1.6309283398754042
-2.0302261227442764
-2.3394758005737053
-2.674985958514437
-2.1045058620972306
-2.380405119021349
-2.662529526451686
-1.765206348270715
-1.6804733043803037
-1.4534889910464226
-1.0225709633991695
-0.7786246118000124
-0.6539002772744097
-1.626000042686914
-1.2672807748564572
-0.9388524828876934
-0.9536853908244753
-1.251458398043876
-1.3036482271930339
-1.6249991588629076
-1.5455086376960896
-1.622541209624249
-0.13672443671694737
-0.23442122152614
-0.35153986343542465
-2.448250898831
-2.1792041334244243
-1.8730786912433013
-0.23981040258902409
-0.38518800252956875
-0.5691505031781945
-2.4965032148643305
-2.4634159249169914
-2.32034249621741
-1.3392571061295497
-1.6716446635256272
-2.279941883092767
-2.6244587755808437
-2.929402563113023
-2.8451361321001554
-1.3630468550823802
-1.5229486734881668
-1.5512704048410102
-0.4611760606361889
-0.3842640978750712
-0.3466124222570309
-2.502693423734465
-2.431897220270548
-1.8680546511062257
-1.8803898290212877
-2.3616998106622606
-2.821444207630675
-1.756730636846552
-1.7185464945075317
-1.8396965667646845
-0.6812646478294078
-0.7974944768908147
-0.9347617100805816
-1.8435656065017254
-1.8179927043054582
-1.6009022041653962
-0.8095678975748135
-0.6687584169278263
-0.7159833656279744
-0.5311235413931678
-0.38514240748952666
-0.3077461478100009
-0.14170504883198543
-0.12403943481088481
-0.1021854251878016
-1.9471956959933627
-1.7018308104148687
-1.2304379146255522
-1.2150634161110065
-1.3913583439696091
-1.537615351166186
-1.3836014374432541
-1.4511834186391517
-1.4534638144438188
-1.8360562397948632
-1.6646980539700835
-1.5442486417229304
-1.1350054148824844
-1.077677254330435
-1.1602366726999045
-1.9013452119969316
-1.4139183710735528
-1.0388684090493376
-1.8724792826081709
-1.9438504708345807
-1.8559748041799442
-1.158209561622626
-1.2599358565708143
-1.3594004352687121
0.3843861762951643
0.43904216216123637
0.30905495963730845
-1.0946900631218766
-1.3763346749853191
-1.662274143006894
-0.7798968033419736
-0.8581197367075842
-0.9953995586377404
-0.6050234584951203
-0.5116616435689119
-0.33274959745856275
-2.604021818276369
-2.277665874887935
-1.5529358914691387
-1.4654805048633173
-1.417390156793382
-1.3267581958195136
-1.378950992446844
-1.4763050249117866
-1.3884009880367503
-0.24719426308759257
-0.18022585171732736
-0.03965040110550938
-0.7894496649712058
-0.6730383567794127
-0.7882472323850545
-1.045209302063801
-0.7565380359213503
-0.594513760030412
-1.9622859861403605
-1.8489488763860122
-1.9800278157858802
-1.2234503648978408
-1.5450227232274505
-1.6395209352092541
-0.518548226758993
-0.3543531904100983
-0.17526752730569717
-1.282182159227586
-1.382113296766808
-1.4780721129165766
0.10156762312929277
0.04826938410232956
-0.0578291345672146
-0.43960212149992095
-0.4586365996243562
-0.6848099568164692
-2.0526363852305005
-2.07281019429788
-1.8755934813746071
-1.5267255744585364
-1.0896270756593311
-0.6972001832623034
-1.5812792619125422
-1.4472394782020088
-1.3359710076883464
-1.5369394806717689
-1.2979202569650237
-1.0416354570312447
-1.9826880641758815
-2.224662118816135
-2.3224987909699366
-2.029229872200869
-2.0864976168428324
-1.7350195763930962
-0.697384188901802
-1.0584811060035941
-1.6117151851269198
-1.726267030354454
-1.8868470044888959
-2.081046867046875
-1.043923627475963
-0.5239387464169463
-0.44320444540439347
-0.8678590924293885
-0.6796901983315522
-0.6949382244054736
-1.611331976542414
-1.3736278022348305
-1.2473112131557031
-1.5571273601675995
-1.5550122972670528
-1.7002742922730585
-1.4684498997955417
-1.3337829196278053
-1.3291084774591786
-0.9924775758923263
-1.076090071484073
-1.0336568386674494
-1.3398339297306738
-1.3242665151664172
-1.507930917231315
-2.0443303631282115
-1.806250806221382
-1.9543663944259722
-1.355020613605804
-1.3006372272297926
-1.3543022429340723
-0.7067943928255895
-0.8300893576090508
-0.8726412104611954
-1.0862766900755283
-1.155605887842659
-1.480942724872131
-1.9198001887323468
-2.132273629957201
-2.2083472084148283
-1.5906268828809387
-1.5149047647508866
-1.3764012120169347
0.09959483125921334
0.013732844923835367
-0.1521207205118427
-1.9226552482582544
-1.737619346063196
-1.7604028293339447
-2.948126214032918
-3.223912821541346
-3.1689802802055738
-2.007187615181759
-2.4561899893934718
-2.404657648634073
-1.4518187374963363
-1.3376069097410324
-1.3310830195466883
-0.07316965361656211
-0.06913955174037364
-0.11862804540704236
-1.4564520604863707
-1.4726618283044381
-1.4018811578076922
-1.768505551435212
-1.3762029281235042
-1.0410188688558197
-0.6506318586360431
-0.9733959657154785
-1.4043589209670415
-1.9142140097322744
-2.113310514347203
-2.109899078747347
-1.5709544422288628
-1.3581300097188125
-1.0846472021629499
-2.036832232200126
-1.6825551338264266
-1.2489950464782624
-1.028353227353926
-1.1115017719932612
-1.2609351006011282
-1.4665971468806176
-1.4015956267193235
-1.3614044087515298
-1.346666957327975
-0.9112259705169169
-0.5952452137924581
-2.5634201493923605
-2.3255463405024233
-1.932959808857201
-1.4931037106580416
-1.3112498829517756
-1.0659018563763212
-1.0153648800845634
-1.1573242384851392
-1.1403627342174465
-0.9110504225404197
-0.9320421404591115
-1.0155875006849069
-0.056150884453869704
-0.26392305732793636
-0.5769770477866695
-0.7114022992275213
-0.7336420263057095
-0.9249563125602167
-1.027608745181765
-1.4201610137480616
-1.5135375674444853
-0.47973543832877685
-0.5278103625050847
-0.48773212498233853
-1.2625610325678793
-1.3982837583604075
-1.5339019044648534
-0.8143407373624778
-0.9914593394630281
-1.2549020493549605
-1.3767564281131752
-0.9937627119896238
-0.9688361969340422
-1.2323115093163088
-1.3193967203976642
-1.372232611561227
-0.8927993322764696
-0.7472427894228447
-0.762137405119993
-0.9937612250746516
-0.9553118891366803
-0.9011887681819867
-1.1663444361050903
-1.2968274365594796
-1.4887454782440135
-2.527415174128989
-2.0596901443341844
-1.9188558719665398
-1.0582502307873494
-1.0662516743370096
-1.0809246776124795
-2.2093510240186647
-2.4162918363146577
-2.422937722451662
-1.0793658232861874
-0.942903867180149
-0.9013021453019928
-1.0547313968781715
-1.2462013642734409
-1.6721486248002158
-1.6611175268118425
-1.9541600821515526
-2.2357902271788332
-2.3648961528333627
-2.518501393228176
-2.7254921464844672
-1.8387413836630775
-1.8080000953345836
-1.5662767563815763
-1.0324772423805202
-0.7611171486504679
-0.6287976483135258
-2.466470444443466
-2.0452746849186303
-1.5137018706867214
-1.2701569844409082
-1.3925558194462235
-1.2261975138310475
-1.4616902947264783
-1.3841605438604945
-1.4900633742504152
-0.19356658498863655
-0.34296471270081397
-0.47036733862622065
-2.448249964109331
-2.179203785442814
-1.8730782777510346
-0.2398098995215195
-0.38518757700993567
-0.5691508133188758
-2.496504150370561
-2.4634161720847922
-2.320341965255644
-1.3392571783680969
-1.67164435315983
-2.2799418262168643
-2.6244588757919898
-2.9294026773930018
-2.8451379543679387
-1.3630479700301494
-1.52294781900537
-1.551270313355742
-0.4611755837041841
-0.3842638800522829
-0.3466123792075857
-2.5026932219190474
-2.431896706858623
-1.86805451984196
-1.8803896046209942
-2.3616999975454434
-2.821443771288352
-1.7567294119192916
-1.7185464125158316
-1.839695772685328
-0.6812646619208268
-0.7974945320572571
-0.9347618700862952
-1.8435645849520617
-1.817992128567056
-1.6009014034682827
-0.8095686903136781
-0.6687579075204978
-0.7159834190271162
-0.5311242651989424
-0.38514277485526677
-0.3077458696894446
-0.1417037084421654
-0.12403977778907149
-0.10218497397789386
-1.9471957708896106
-1.7018311466625038
-1.2304381586599777
-1.2150635921697335
-1.3913592125325664
-1.5376157217121005
-1.383601454521578
-1.4511834060358146
-1.453463913551877
-1.836056146053946
-1.6646978506609134
-1.5442497533462183
-1.135005320908328
-1.077677199318516
-1.1602366857767874
-1.9013447748080585
-1.41391793116718
-1.0388674494478833
-1.8724798110840926
-1.943850568400764
-1.8559748708967834
-1.1582095315353371
-1.2599361504553248
-1.3594002621781336
0.3843861671858946
0.43904206707191473
0.3090547997913564
-1.094689681515412
-1.3763339027570656
-1.6622745575463274
-0.7798968669080542
-0.8581197611733319
-0.9953995730974798
-0.6050235277529941
-0.5116618889140443
-0.3327495988617091
-2.604021178412869
-2.2776654726683656
-1.5529360884131027
-1.4654805851594985
-1.4173903209875696
-1.3267582897600008
-1.3789504279941491
-1.476304743076509
-1.3884011807349723
-0.2471936555004446
-0.18022603964621
-0.03964916486329452
-0.7894499665132511
-0.6730388494193481
-0.7882472022639146
-1.0452086862328658
-0.7565381707029023
-0.5945137243998897
-1.9622862696766536
-1.848948518418394
-1.9800276159056311
-1.22345043355007
-1.5450225078221111
-1.6395215430895458
-0.5185481775271652
-0.3543529913889809
-0.17526775297795488
-1.2821818682891053
-1.3821132092787978
-1.4780715861548774
0.10156739386990613
0.04826929163459329
-0.05782874569343621
-0.4396020005223319
-0.45863678602762187
-0.6848101084901472
-2.0526363993708068
-2.072810205354327
-1.8755935530613916
-1.526725400742945
-1.0896269846491602
-0.6972001599833804
-1.5812792263969901
-1.4472395758408183
-1.3359708750680626
-1.5369394827899774
-1.2979202224228914
-1.0416353789230834
-1.98268810880322
-2.2246622711931163
-2.322498207188573
-2.029230019505221
-2.0864969805998967
-1.7350200779198874
-0.6973841229487195
-1.0584811767244082
-1.6117151939218206
-1.7262670498559123
-1.8868471855281088
-2.0810474584663403
-1.043923834604165
-0.523939398311374
-0.443204270775201
-0.8678594121206599
-0.6796898109670104
-0.6949385846843701
-1.611332097585202
-1.3736279143415362
-1.247311242303021
-1.5571271854886062
-1.55501186416702
-1.7002745647693807
-1.4684495992493272
-1.333782814708944
-1.3291084181858062
-0.9924774020454044
-1.0760899292730324
-1.0336562103115143
-1.3398341595169199
-1.3242667096616736
-1.5079313049454388
-2.0443303018955703
-1.8062506223358494
-1.954366240980299
-1.3550206490094898
-1.300637435304065
-1.3543022928743298
-0.7067945441204041
-0.8300895732525275
-0.8726412764446976
-1.0862769894240878
-1.1556055773716256
-1.4809426018130118
-1.919801715050851
-2.132273528073173
-2.2083475402430666
-1.5906270427220002
-1.51490475075703
-1.376401459441949
0.09959480631268543
0.013732896335451935
-0.1521206486362371
-1.922655528177947
-1.7376199247230162
-1.760402832334969
-2.9481259357464102
-3.2239141159776814
-3.1689800973420166
-2.007187880965996
-2.4561909930990433
-2.4046578508719536
-1.451818680125137
-1.3376070179476223
-1.3310830878440132
-0.07316945032720654
-0.06913955906696936
-0.11862801818795896
-1.4564518324702993
-1.4726623258972156
-1.4018812953859983
-1.76850536810518
-1.3762027183009289
-1.0410186333982978
-0.6506318731725736
-0.9733957357585858
-1.4043579811295772
-1.9142145205573748
-2.113310639724636
-2.10989834993464
-1.5709545103490679
-1.358130169134165
-1.084647530294217
-2.0368321402755094
-1.6825550026794884
-1.2489949999050831
-1.0283532506684223
-1.1115018322518297
-1.260935137036952
-1.4665977925713944
-1.40159572707482
-1.3614040950146467
-1.3466667840835087
-0.9112257314856617
-0.5952451545364623
-2.5634206859581505
-2.3255461225282863
-1.9329599308566399
-1.4931035396077255
-1.3112499105354418
-1.0659019618239625
-1.0153648818469132
-1.1573243209435793
-1.1403628056943964
-0.9110496329863017
-0.932042151233652
-1.0155878581463749
-0.05615073910860302
-0.2639228121769228
-0.5769770871871878
-0.7114024042478944
-0.7336418933264899
-0.9249565709784915
-1.0276087577762119
-1.4201610495901997
-1.5135372822468278
-0.4797350931332738
-0.5278104900236557
-0.4877319952873468
-1.2625612007396123
-1.3982836027467216
-1.5339020628902555
-0.8143409510944241
-0.9914593232429318
-1.254902062065605
-1.3767560612455234
-0.9937626426008638
-0.9688361658575433
-1.232311415114543
-1.3193976211745926
-1.372233252615033
-0.8927995623359258
-0.7472428623172946
-0.7621374878273333
-0.9937611831709315
-0.9553119550580145
-0.9011890066336972
-1.1663447707012042
-1.2968275841637094
-1.488745560090079
-2.52741526606934
-2.059690232789369
-1.9188558666189484
-1.0582504299595732
-1.066251569574354
-1.0809249193180683
-2.209350723455049
-2.416291928083953
-2.4229373685832263
-1.0793658537155342
-0.9429038548172295
-0.9013019327427221
-1.0547320837069394
-1.2462019477684616
-1.672148774862236
-1.6611175799747313
-1.9541601769676076
-2.2357902091807738
-2.364895998337446
-2.5185013750933507
-2.725491749072884
-1.8387418010946632
-1.8080001649632251
-1.5662773791746456
-1.032477307613311
-0.7611172672786124
-0.628797752530466
-2.466470602132559
-2.045275828599464
-1.5137017774815122
-1.270156734777919
-1.392555904569485
-1.2261976801198742
-1.4616903634279683
-1.384160377383735
-1.4900636392166817
-0.19356662392643342
-0.3429645912546778
-0.4703673667144784
*
-1.445913837262081
-1.4080257281338984
-1.5162420735370175
-2.409402544856603
-1.8219665659722728
-1.3902902515002484
-2.7007557704671425
-2.263231834699895
-1.8305442599723234
-0.9876207793515055
-0.8721884351180591
-0.6742130163725165
-1.3197565280293873
-1.0230793279560648
-0.6897795154249596
-1.4885947440023783
-1.0808141103761397
-0.8160653332087805
-1.6782410413217335
-1.6992476459359334
-1.7711457255417216
-2.0481086470054777
-2.155729134272611
-2.3015616289130647
-2.549512943184275
-2.3719073133077937
-2.2321890418320205
-1.8809768519677006
-1.6516685592540306
-1.7894723923713105
-1.5858403558132883
-1.4309963428637529
-1.0978508051446745
-2.7324576070276545
-2.7932191054757656
-2.8136551666289034
-2.0815587409446947
-1.9716174469307255
-1.9047063168291227
-2.1779782468362683
-1.949987200857463
-1.9220876514874208
-1.034770636521922
-0.941276274883241
-0.9173168800412239
-0.9857103861559768
-1.0936556807538587
-1.1899407931873394
-2.8575165994634046
-2.711509950115026
-2.249281408196193
-1.7897542048710655
-1.637924745623042
-1.3744418989851699
-2.1392070888530132
-1.756953433472376
-1.4820319241227051
-1.2257114874271966
-0.9403019182104242
-0.7983316280136115
-2.143756920893207
-1.6330007828472362
-1.2464003061622462
-1.7025003309584408
-1.8042908730436573
-1.800329432495285
-1.9378129999696527
-2.2889829287978802
-2.3273814973112033
-0.7327980718699241
-0.6054850894994576
-0.6996746301082293
-2.331578478233876
-2.1672303681975364
-2.0974103001176405
-1.0695163120206534
-1.0643957196865106
-0.9205545454839497
-1.8278758218724611
-1.5496051053821118
-1.45168605583852
-1.7935972711240904
-1.8900961404553858
-1.9251281479523936
-0.7182750042216983
-0.10318789470343892
0.35707417817505377
-2.3100612678468764
-2.1683790974658503
-1.7821153413591264
-2.4957252205148484
-2.5941219600608267
-2.6028095122017447
-1.8877988574783233
-1.9369913863588
-2.3291088296500106
-1.7885415833142897
-1.539328244008235
-1.3413846245917704
-2.9984569834066184
-3.018198283274584
-3.2269453798581242
-2.075069252515095
-2.0843208375571085
-2.2090712381288418
-2.189794130820702
-1.9408898783639978
-1.5511947617285657
-3.2005913232593675
-3.3932984061816196
-3.382258016780435
-2.6924906252605654
-2.8473151196342528
-2.8392999258743634
-1.580807164372455
-1.8588132943657447
-1.9129818649627515
-2.20856384132985
-1.6558932246231257
-1.1869078082385252
-2.066855228011372
-1.6010418350347917
-1.0928898781964491
-1.82873031699029
-1.4071495087781223
-0.9345402688005624
-1.0231829367333072
-0.83050735670078
-0.5903287516669972
-1.7094276100987023
-1.6427929781262094
-1.2444215400718643
-1.6522286283057208
-1.6986303993236134
-1.9054588758651922
-2.6033304359381146
-2.2961581581164916
-2.3447291820679155
-1.5035792385881603
-1.4135926590470418
-1.5050221690862553
-1.2106986010245822
-1.0053163603979631
-0.5393686225865333
-2.1145211539108892
-1.862261957226526
-1.728044888454514
-2.0373881449361333
-1.9220249956217468
-1.6141675722347197
-2.0720741670110456
-1.7421522775143932
-1.3867702789480967
-1.0171164915265212
-0.9094906776842885
-1.0165795126831743
-1.6976258484331967
-1.9370161523176983
-1.8703010720076907
-1.0642150080403783
-1.0417484321446469
-1.1202015648030372
-1.8542927661927293
-1.5442597021835751
-1.4591126338712783
-2.2738577203252293
-1.8794981583582286
-1.5611146472141693
-1.5619863046361222
-1.0975383987730114
-0.7764293423894738
-1.2539224187908096
-1.1838848553233672
-1.2074519205282956
-3.1361800267438324
-2.8770235658133743
-2.5965366057626147
-2.422693932805139
-2.5891222063988195
-3.2524751938834697
-1.7576860116890671
-2.032462466607707
-1.9449284733389427
-3.0900008087005775
-3.3395193475360014
-3.1964899506207787
-3.216616826624922
-2.8044861568532777
-2.394185698960894
-0.4076249163643213
-1.1151762704438222
-1.7186073612325006
-3.361318408406145
-3.195288071400051
-2.857452926398368
-1.7545569594075099
-1.7228157248203773
-1.7105379921888453
-1.292641397776328
-1.3862611165315064
-1.5956462152222703
-2.4630742669452452
-2.16547343693967
-1.816255707744878
-2.111018263684702
-1.5124600299411233
-1.0946664657092011
-1.769962422973861
-1.4238966082673548
-1.5276170675345726
-2.600489378675592
-2.115351273381788
-1.922197606164005
-2.419359608034593
-2.323074920173201
-2.0933668926652373
-2.2484614808047985
-2.272973090547188
-1.837821114505416
-1.8418367150742156
-1.3536091888514916
-0.8667699591220317
-1.1915204599241296
-1.17329961529902
-1.114820034659568
-0.9755824718662857
-0.6294858998337352
-0.4522699222281712
-2.250920610721151
-2.0410544055664928
-1.5982127995866886
-2.342571232790527
-2.787520636489229
-2.991598878406558
-2.230411887024199
-2.161643388029377
-1.8147459647079116
-1.6884148669239365
-1.2169188913343874
-1.0234024370157757
-0.8757696295782533
-1.1335931302741913
-1.6325995894266687
-1.2871057624258464
-1.246144140381339
-1.0389993517355847
-1.8929571198662876
-2.3351675092976363
-2.3914430643902613
-2.3975233668698213
-2.242465552702595
-2.2783124416888545
-1.4033741496517234
-1.3412169041851918
-1.1859830847325337
-1.3936535113893245
-1.637957127668141
-2.140893588222122
-1.9664755698643799
-1.7442089135961538
-1.6075380667696193
-2.4881192990528556
-2.3201440916057834
-1.85989872183825
-2.113337467086222
-2.2642181388115663
-2.3026982224115518
-1.0605177864334203
-1.0073048178528574
-1.1039874509931613
-2.0108133745234067
-1.7675305340247744
-1.7861933967593036
-1.7004487237155552
-1.6078986160485167
-1.557652412289116
-2.387814284930567
-2.6098069937339865
-2.585595203573792
-1.2915182761725434
-1.1492550662823673
-1.0257071079478322
-1.9944072931980217
-2.27948444851588
-2.3940607453601914
-1.8195162218015415
-2.2915542309524772
-2.512623360849785
-0.3731325035048345
-0.227546464612854
-0.26001067544943335
-0.7307186058162416
-0.6306708509625035
-0.5522550730181527
-1.787084912460206
-1.802761252527373
-1.8739455660538333
-2.7147758227979564
-2.5353842951543477
-2.0694020718012247
-2.1556944066790145
-2.2261969341337524
-2.3091781708678862
-0.9450662797234305
-0.7767267794723892
-0.7812893961690659
-0.8377349822849295
-0.9161856165963982
-0.884220251129844
-1.6095949218743182
-1.5316857686445258
-1.3829556238323213
-1.8822442730313091
-1.4494902726464243
-1.2385212454381307
-1.8859735978506278
-1.6554321393016571
-1.388656807639721
-0.44985519519279465
-0.18093590871224274
0.06464306022990057
-0.9227690268201348
-0.6600735125407984
-0.25622749805761075
-1.5609990911335614
-1.3692686204245326
-1.2293062070777614
-0.7511811502553022
-0.7190760259018762
-0.9407164858054483
-2.2026149022809816
-2.0671326052014143
-2.038543662463873
-2.4495455967517454
-2.029024636599242
-1.6225803578170235
-1.5851064370737031
-1.0666769370588283
-0.733567207706268
-0.8228388067072829
-0.5913994702030771
-0.38788170897333696
-2.3952245302264203
-2.401317481007373
-2.2794359367084502
-1.181369112915312
-1.2637827491962477
-1.3124700914395708
-0.8030898459407942
-0.5860778448894277
-0.6640128091333299
-1.1398158542772103
-0.9454211717290666
-0.6206017229130603
-0.7713476107796563
-0.7637871145176547
-0.6606276693430344
-2.178255255056673
-1.965641184595825
-1.7045135985255868
-1.2373361662086186
-1.052256282810744
-0.5752546909061774
-0.18870682723429028
-0.11293679119635508
-0.005592711256393601
-0.03541903716017886
0.3638183979238785
0.5312613112365742
-2.239023924508197
-1.6122021835314537
-0.9463377163335907
-0.19046979714782997
-0.10162578416279366
-0.15509013426908214
-0.7881924402776794
-0.8910897283355173
-0.7847790018295073
-0.3327422007692862
-0.3581246079809848
-0.47630433554346574
-1.5126259411308167
-1.5346666812992513
-1.8804488886119644
-0.8594154998624408
-0.6456757096860419
-0.3909796131841584
-0.8747961528083368
-1.142443979839826
-1.2364487719005424
-0.7909032018500501
-0.7351902090110713
-0.9043490113535366
-0.16691709681654904
0.5053096929798762
0.9693518333371295
-1.3269156715310135
-1.275834093768844
-1.0541892368653696
-0.9927924074219103
-0.9798621936914714
-1.0346456811122957
-1.2290210493402962
-1.3798994214460847
-1.438030717336322
-1.0470765232893209
-1.1724803987167123
-1.3870036098295735
-2.715182461520734
-2.29330783494347
-2.09496407134963
-1.646632089673414
-1.5428295608020846
-1.7630964667328028
-0.9953043225339187
-0.7818303991961408
-0.7771970680477287
-1.4395409525937424
-1.3107014185305572
-1.2451104430456312
-1.80221535371316
-1.6809170033019951
-1.6164887537981714
-0.9411846106384991
-1.6564084582500564
-1.8827794726289455
-1.1614646327964144
-0.8269181639251706
-0.5589781821082604
-1.4147650497533908
-0.9669722089115009
-0.48607676348002277
-1.4433283737908447
-1.1978418517681897
-1.236422242645974
-0.02147588643400347
-0.036750438713742284
-0.16091659464360286
-0.9162613350903184
-0.7689481577722916
-0.48243029942133886
-1.9475444213051634
-2.058950723710958
-1.9598387106189596
-2.6392995872230793
-2.3140649586427187
-1.9108561200056848
-1.0155156557604
-0.7393519051542861
-0.4986597397846462
-1.013136917634307
-0.8351851047652706
-0.5338124302421839
-1.9106954155005957
-1.6202627021627563
-1.2674619687418671
-1.3812029968834239
-1.148066004225542
-0.6029838711724655
-1.4254406107957405
-1.2797958645439858
-1.1089330458059592
-1.1404655850116656
-0.7284338909577588
-0.39827800006830055
-1.347738385873241
-1.2036095661569546
-0.9515025110056289
-1.660190402794718
-1.2626510868955299
-0.9196100791573644
-1.8807917355079082
-1.9597841817076342
-1.6844293728974682
-1.7187009676436003
-1.679078603707316
-1.6261725786615457
-0.4865365648465083
-0.3283067720816895
-0.19738078934142045
-0.8155362415559056
-0.9512408060657758
-1.126508980436645
-2.4306627842022808
-2.3293891425320004
-2.1739825254155067
-1.3089806786931635
-1.3050931990213204
-1.4663514177096912
-1.310048371303301
-1.6381497775634497
-1.5392647461598932
-2.6260172603786716
-2.6344171926178976
-2.2249656381487064
-2.2777444268365903
-2.1794161400819707
-1.9305875642385888
0.3004285184541249
-0.45065446106758783
-1.103642200644832
-2.5798200691448905
-2.7876754899418246
-2.6167692158068734
-1.6235000707757288
-1.2759671934281565
-0.7779405284466449
-0.6996160283793895
-0.61572557145612
-0.5780903625882303
-1.3586524711617733
-0.9570499684619651
-0.5582422647371705
-1.1855137368244169
-1.0740212114538057
-1.044526788746524
-1.5647395746784702
-1.242679071465566
-1.0518379293377265
-1.870413039295579
-1.4091474748567294
-1.1681063698938932
-1.5748453803396107
-1.417080051404751
-1.2259912902800982
-0.6150690297635498
-0.5127831700297969
-0.6058046919132664
-0.7330605069110464
-0.40912650530288663
-0.3467656548926464
-0.09477489014067242
0.006828826341531813
0.08597940664218007
-0.7241518059934982
-0.3544096247446592
-0.1965362608921366
-1.1942897214585138
-1.1206093013806149
-1.001630354697626
-1.800670521007973
-1.9649384571439998
-2.052073086979211
-0.41131526766046445
-0.6505630482793493
-0.9226171205617547
-0.9581792311677044
-1.0701905016221995
-1.1297847481469063
-1.001976358218935
-1.2005814467711473
-1.2374590265154775
-0.7645795652212709
-0.8495132168529574
-0.9682889004354975
-0.9070100685777056
-0.8202468221004745
-0.8209706617073985
-1.6564223746196949
-1.6576015399608246
-1.7831953606295146
-0.8962330163271394
-0.7567746333697196
-0.7588178779702515
-0.6268156692818649
-0.536493663314098
-0.6493641742989147
-0.8718222322185304
-0.5959263807676551
-0.41716502879842654
-1.2821934101448003
-1.4143486166416785
-1.2606884059185275
-1.1498523951176853
-1.10177948233184
-0.9286738572739051
-1.5538708642679828
-1.4028840345490003
-1.0358466622548093
-2.4335050513854912
-1.8341029878785005
-1.5662922289137073
-1.1794601123421906
-1.0387334151049616
-0.9055984920235668
-1.940704778002192
-1.7032019625709158
-1.4656094387928067
-0.995822549205827
-0.8980872095399307
-0.7451811676988014
-2.2292631985410614
-1.848236016227352
-1.5467721219479627
-1.0763209224572088
-1.301364620579347
-1.3230187105899716
0.06905239359559534
0.12233253497175345
0.020376210313935106
-0.8354304158857325
-0.6277224162186869
-0.398292634772278
-1.6505887449039824
-1.9482995934691547
-2.014246042899955
-1.3155072450588414
-0.8596168667268747
-0.8967300651668833
-2.013738564884581
-1.7866116505240037
-1.8468703270268367
-0.3703335082460086
-0.3047442385654892
-0.2647650005007084
-0.90528156565006
-0.5363440310762513
-0.13461588472624075
-2.3493253308674955
-2.1586680424649662
-1.9909705515568068
-1.891884760830615
-2.0754517597444666
-2.0906485094911322
-1.9833891783208575
-1.5363650600222658
-1.2473720294657256
-1.8409316717888649
-1.4513833960345157
-0.8983858742498859
-0.7288155072963751
-0.6272813049447443
-0.45717466433468845
-2.162577729916783
-2.1239171264520538
-2.0461188715222027
-1.3403333835967137
-1.3681072288717544
-1.5396504754399416
-1.4620880746775973
-1.2519011168884269
-1.2077155337571035
-2.2745321845571684
-1.9520834377113354
-1.7534771360852073
-1.6379609273171067
-1.540683052190777
-1.6155623840008053
-1.1163590087541404
-1.053734619121864
-0.9950291668822401
-3.3459728769189585
-3.09958977258739
-2.8965595092630094
-1.3725834510183295
-1.104813952252708
-1.180780713772096
-1.4891072001409693
-1.4634510727882735
-1.4844690357748742
-0.8902303961449836
-0.7745194500970654
-0.7719466527308732
-0.7076517699653937
-0.6467940909175753
-0.7796355048363943
-1.6628104128639496
-1.4798660441889244
-1.7949666153572845
-2.102922288507956
-1.937562908509673
-1.8843762194874358
-1.005897612822856
-0.7528070588658986
-0.6751257887985478
-0.1987645166422588
0.013925771776783225
0.15847551087047612
-2.3203883428176146
-1.7210142592569455
-1.0473321896685377
-0.9397847740913298
-0.9801547532693891
-1.004507283660411
-1.354064549596635
-1.0494536190596
-0.9212457120654367
-0.4832047242164208
-0.6306540894399494
-0.8711383274557134
-1.7883474738904144
-2.2665257541277692
-2.966629813001958
-0.6161470702983365
-0.7588490231724327
-0.7213331872861352
-1.099036939951551
-1.0802092668562135
-1.0239039685473934
-2.920320065312407
-2.926556771211921
-2.783158196344195
-0.8182002388405023
-0.022006175572231723
0.46838286131269113
-1.5466427997846086
-1.6123244428279317
-1.7684973927760252
-1.6614410954373655
-1.3953261668015406
-1.3172760845281761
-2.1733110780147955
-2.2649636176010066
-2.4288627126181908
-1.6772797293875863
-1.749225434036609
-1.9280353544452073
-2.9158784832482176
-3.080251232834173
-2.596004574840186
-1.9664199915344063
-1.9362747531860487
-1.9932345678646635
-1.7859867712962574
-1.544911943547936
-1.4044281749965206
-3.3413707361638476
-2.9349178876314412
-2.5730324778202167
-1.9922939491010538
-2.3479903866131897
-2.6189264186398753
-1.131217791254132
-1.6511805424408363
-1.692796022097785
-1.5028275603164702
-1.0986119890923116
-0.7639287712089542
-1.1452124198103677
-0.9399429986995903
-0.9310231559926055
-2.470734280740887
-2.1975231966232838
-1.8345497868545726
-1.0440540387586221
-1.0532244598394709
-0.9351221302549295
-1.272417648132591
-1.4124726764470399
-1.2622591943225583
-2.4877393443435487
-2.252140472439609
-1.9059466189832952
-2.395019247748999
-2.5531446230963546
-2.832651660348819
-2.004003993143426
-1.6862488006605072
-1.5555172095308007
-0.37300829632221616
-0.38195273070491464
-0.4347993544107731
-1.9259646568552575
-1.733220891824057
-1.724656189307298
-1.581100342747956
-1.4774671246414846
-1.2655436106608704
-1.7908517918381945
-1.6384464000287826
-1.2727101493287223
-1.332659625575716
-1.038926799563863
-0.9462544836086833
-1.5632650527510679
-2.0000004902418205
-2.2337934527357186
-1.3546586367755227
-0.8641885725456033
-0.6718104752185212
-1.612309573719785
-1.4980396444684696
-1.3774574513420046
-1.5211740733206949
-1.64196564184435
-1.9052667038296183
-0.7618806195165582
-0.6229598933963983
-0.6199520590478043
-1.0193927503469022
-1.1310422327692085
-1.2620745166423815
-2.488068574583168
-2.2519469525506066
-1.840709535127802
-1.8336940359235858
-2.0805394500731507
-2.4370344552142837
-1.1694327316579207
-0.9630577236764688
-0.7174762038507173
-2.8542966514490624
-2.848051945243774
-3.2316737004529807
-2.542338042893415
-2.2857715230309985
-2.0955062847081853
0.49631439622556495
-0.022147116883009133
-0.5042376410465498
-2.619372385735508
-2.2735052325623863
-1.9167626623304646
-1.7309365754284771
-1.8165663695478074
-1.9398545848229145
-1.4421678910221647
-1.4371010796134747
-1.4121137665971633
-2.258363728408108
-1.9743172707361327
-1.7431238521505292
-2.050348867610642
-2.432600316364626
-2.478138644964559
-0.9169363527281126
-0.6467848018506621
-0.6337441997811051
-1.6105028150145784
-1.4530901631693292
-1.365182794414762
-2.259827378093295
-2.000244806928058
-1.8709213935471194
-1.2812663583496766
-1.1470174917339986
-1.063300280842368
-1.092231793413978
-0.88985264316256
-0.9358041268766761
-1.005202273046089
-0.9619719947925256
-0.8440155568783994
-1.196388475991062
-0.9792621680723564
-0.8935969364532316
-1.8839022198289408
-1.72780685527694
-1.2351371482594404
-2.0939481762515895
-1.7006841230441867
-1.1513422029102807
-2.7484277212567125
-2.4906803836200013
-1.9613805972652674
-1.8600041500981392
-2.076744479904818
-2.2209102751872987
-2.0742548718416542
-1.9855958444672621
-1.79806802421478
-1.3304738836211947
-1.2789262276102635
-1.008565735407378
-1.3280197043985846
-1.415603569647543
-1.4638117495039478
-1.5700231945388083
-1.409380331414511
-1.6000420882581619
-1.6424455064592873
-1.0790002178621592
-0.4971755856078114
-1.4641323572466578
-1.2928952637496003
-1.304068830717846
-2.084369680087655
-1.8239695131789544
-1.4131837925424526
-2.2183763651200383
-2.116157481742994
-1.9578469898854793
-2.0888945302109136
-1.948835302417668
-1.6491127249651136
-2.0181450470378266
-1.516102009315012
-1.1724829733125335
-1.6683325870555492
-1.5167677820896621
-1.526693216769782
-1.2223054947622756
-1.2098123711316542
-1.1688309298765789
-1.7100779743183616
-1.4400796214633726
-1.390655283571771
-1.3418629308538974
-1.0278214772893701
-0.8649298753104258
-2.1164512988218416
-1.5816503238300603
-1.3542929627457319
-1.2119863506071715
-1.8047981925417838
-2.1882149588388895
-0.27936889091322026
0.3154886917358899
0.6499612250689057
-0.5211525248687624
-0.39812958640267193
-0.16422687878316566
-1.4923845263252749
-1.6505074376971332
-1.7320793375247292
-2.752843199465644
-2.5347835877578047
-2.240963343930984
-2.3699112353620695
-2.1430396134535945
-2.4462606280513572
-0.23854020258073272
-0.16034138280748889
-0.13173370660770906
-1.3929272076096453
-0.6904238399112489
-0.40223023267860525
-1.2065863929102902
-1.254824492052264
-1.1160394473093314
-1.4617492684974964
-1.2784626110660708
-1.1617185013569982
-0.5983945427501547
-0.5388613290086188
-0.590784777482642
-0.9675562861448969
-0.5444689001293262
-0.19745961486002755
-0.7506840149269732
-0.6168228189943031
-0.27259500184259433
-1.2515102030029233
-0.9601076203505297
-0.6805871178411469
-0.5946895936654993
-0.7438114122583422
-0.8948588026239639
-0.9798223635718248
-0.9618131088495814
-0.9991914670725647
-1.4963103036837877
-1.3023814280881476
-1.2262309666748554
-1.7434263626212916
-1.2538223083543638
-1.006256110895038
-0.25312864305568583
-0.22384494935305438
-0.13425655695418767
-2.6392330246118174
-1.9659958586042243
-1.570054662274409
-0.5078960544414464
-0.5045740013706738
-0.6022485004792463
-0.9394098005571446
-0.9618601618399706
-1.0354212183072042
-0.10622927048518674
0.011857500288945097
0.0827559875949974
-0.3017624880659771
-0.5032970243522391
-0.7569410177318496
-1.1496445210914368
-1.045102616873338
-1.0654582288460095
-1.218134577743407
-1.1543338570511705
-1.0028841857340967
-0.3230437380942671
-0.18397076985674451
-0.09330166701465939
0.3819489267810219
0.530944160122082
0.6522096729129695
-0.6136673992083324
-0.2270516599232396
0.12565807589848077
-0.8583024753048928
-0.7893102467679658
-0.6137060689117685
-1.0252991550149133
-0.8730169428653016
-0.7005015197908643
0.18185057502523783
0.15666889783422794
0.019109596996407463
-2.017502798778385
-2.4116569706041875
-2.6243271404211206
0.04221100815938238
0.10263886653098733
0.14846474045510286
-1.1387503469492486
-0.8749471083627606
-0.6613314041198033
-1.1286100172130786
-1.077968380094265
-0.7826196078593483
0.08433522825705242
0.4853233569075229
0.6841725394758613
-1.1297764115941051
-0.9367776786988871
-0.6511494959237178
-0.8933847181776169
-0.9574876102324459
-1.0152108536211235
-1.5933861294094873
-1.6823463999383015
-1.8646146205476626
-1.561673619415905
-1.4194113422662458
-1.2303150260481828
-1.502745149451373
-1.531117314192794
-1.535313555446986
-1.0591397927245254
-1.045419610905656
-1.1007896203627245
-0.9038289753663802
-1.0200450397103609
-0.9793127378034218
-1.9665189502103502
-1.8083513144200918
-1.707784270481853
-0.9868320944301177
-1.1700295287532034
-1.321788234793631
-0.739348800213889
-1.2172744927152277
-1.5735778343732507
-0.6297225924321399
-0.2638989959161544
0.024432026991710654
-0.6997670473165865
-0.35263317048656545
0.005585055690291246
-1.1016839529396143
-1.1317650927940017
-1.0049836220447508
0.11180508650861756
-0.014101344882895897
-0.14587210596256045
-0.47213484542080936
-0.6660215900076912
-0.8056564167271059
-1.9319247745434804
-1.5888895696412781
-1.4281719605143497
-1.730998887599878
-1.8527985615045794
-1.9769776884041004
-1.0053262353201444
-0.8544362350435009
-0.7177720236122725
0.5786571079266805
0.40339640012237954
0.22662604604533218
-1.328829172625321
-0.9529733248161243
-0.7660725815345151
-0.6702739057301063
-0.607147575242944
-0.4504525435539739
-1.133908058694247
-0.8647265653518279
-0.6710050086370678
-0.8360026916028809
-0.6622150473971197
-0.5182127993779309
-1.1118001240098019
-1.3474316214835618
-1.2386616172683225
-0.7359905878995838
-0.41724086462735843
-0.3262588111886841
-0.42091746355399384
-0.22447907586466165
-0.05676026020795116
-1.653804324703367
-1.213227685991161
-0.7933496630486372
-0.9474608926828122
-0.6667475024420935
-0.5113608604058739
-0.700431730366613
-0.5092830735420634
-0.2813238362849155
-2.217835783481595
-1.934442083536842
-1.5270691115665507
-0.5165292882273455
-0.7700027410319419
-1.0790865687055955
-1.0932080119189984
-0.8083046764176772
-0.5119684414588247
-2.0226267345662894
-2.001841302318319
-1.7453533838182294
-1.462653741432131
-1.2179257188444006
-1.3483821342103262
0.24277231977547215
-0.019770988130246803
-0.1993904670142479
-1.5509983682217667
-1.120492624568859
-0.9970799799794767
-1.3248508677559077
-1.0874405552976052
-0.7943502650507482
-1.0250802001424488
-0.5316608017313278
-0.16506670089955885
-0.4374981511870821
-0.14616252281787456
-0.11361463309228698
-1.4233999846349032
-1.3897469660009711
-1.3782124408024492
-1.0989843192594368
-0.7513350775392904
-0.5351095949903827
-0.89231038745675
-0.6598782992053448
-0.693106101310374
-1.2092264167258193
-1.2735126720685372
-1.141292303121114
-0.9834467490392993
-0.727909639348397
-0.4856411257565548
-0.27549120807427174
0.01677421221069808
0.1882112901631397
-0.07892177327971744
0.0383466316997276
0.11029465054696375
-0.432831573710542
-0.20961193144264237
-0.013775318996978394
-1.0652685218009905
-0.7217698188119688
-0.4102486544440701
-1.4238360212112513
-1.370062800460043
-1.1094324086403708
-1.867010689518009
-1.5399213273207575
-0.9899813449356744
-0.928766858539859
-1.1513756108291675
-1.2807018018391956
-0.7681938312487139
-0.8666873778018871
-0.6504619240864107
-0.7366480488019584
-0.8139761579697802
-0.8540285990248555
-1.049942182541321
-0.7472674374847185
-0.5529221888429217
-1.0576724461539337
-0.8596013453273008
-0.7902988321100014
-0.7695607912690156
-0.6199923942054971
-0.4040323832360456
-0.8042688408288241
-0.5870208469709373
-0.4750953700103259
-0.43052592489296126
-0.25704334551217645
-0.026088924825282467
-1.5055409958866677
-1.1438733943064916
-0.8482289861497998
-0.6051894949837456
-0.37330112227630324
-0.1885520274774481
-0.48771595861318956
-0.3472568433920257
-0.27120497282498324
-0.9119676290303637
-0.7103538942232859
-0.7163327578022776
-0.9530631634298132
-0.7158247831279726
-0.44384740525262334
-1.715628315377968
-1.5892469304726773
-1.2330173825217656
-0.6423347435414064
-0.3650453625495573
-0.21715176601133912
-2.1135832043428175
-1.9212737912527236
-1.671953412565895
-0.7242915996219481
-0.6662406915701697
-0.6275635585815283
0.5125824839855939
0.7390836925116251
0.8216119488159257
-0.7888573132444892
-0.4991159152609004
-0.14301330240049964
-1.5421776020209235
-1.321243422668176
-1.2046765450419052
-1.1469296672066975
-1.0788698328344384
-1.2168681571777915
-2.161035237064902
-2.1071668629227798
-2.009525319591973
0.039345786231300306
0.3684286766429916
0.5142455357942727
-0.42197489346032047
-0.07393762963075062
-0.001419060739269229
-1.6263972718229205
-1.504406728019053
-1.4988293239372403
0.5800014843703452
0.45654347355954034
0.28092001518270227
-0.6410771420817738
-0.5098250074286166
-0.33990389149574485
-1.0217446451379204
-0.9396419146306518
-0.9107227412189798
-1.5428486865235798
-1.6039929088382703
-1.5089460343416834
-0.2926831026861687
-0.2198510300210246
0.0043545174257386965
0.3800715179733049
0.17090796334807884
-0.08219216802921975
-2.1901097317201397
-2.1791372895153653
-1.9739623544113782
-1.5356815637807553
-1.8066927992906616
-2.023527601355453
-0.6581643422895731
-0.7046867338424586
-0.9880995343425066
0.045988295131785095
0.06442744225760447
0.06563919984467473
-0.6711707014008911
-0.5188151584555463
-0.4087230172053586
-0.3709347118604751
-0.3215089720955929
-0.20869352216137116
-0.2282773826221059
-0.41218734344716174
-0.5794190411990777
0.4591638031231162
0.28143216821310924
0.11008163153661832
-0.4378354874873366
-0.5653503187533349
-0.714518103410668
-0.7173774133253263
-0.754184218307673
-0.7235134206370206
-0.37311919396143023
-0.8071465782712579
-1.1169551706912766
0.04215718306900318
-0.40126512174431306
-0.9829778974002984
-0.4328795830492352
-0.5356409867926679
-0.6106017085052311
-0.901192867354647
-0.46207162821854164
-0.17264188697344823
-1.092270958565427
-1.1243318085882472
-1.0840504820996473
-0.7069156018871525
-0.4173199554404662
-0.19964227614379423
0.46695875032367495
0.5110878214678076
0.26473073517253753
-0.7268690629517172
-0.5272549832644776
-0.4340635901915503
-0.2616366420989321
-0.28165485985549465
-0.2942285322039063
-0.350055943922084
-0.3036895729649252
-0.2575615833696111
-2.0903706425039292
-2.2826436033787085
-2.049935731172252
-0.5222586040048278
-0.4237980871976137
-0.5655661757456135
0.27640496975645373
0.38697104007274125
0.16799054110388673
0.2582412706587738
0.21975079243810863
0.3745942037445107
-0.36129364118482277
-0.464284920409736
-0.538465354413521
-0.9581428793405333
-0.6531868050794459
-0.3450274959685678
-0.9367720518626985
-0.6333502554190408
-0.4051885865902003
-0.7267461406056129
-1.2164986445711166
-1.8101836204917747
-0.4029197972253036
-0.3350092561650732
-0.22940854191978066
-0.8044515805055135
-0.6442627269557228
-0.6374643531871708
0.5543297837627565
0.7720859535826713
1.0545748335198117
-0.20949161872338293
-0.17713663575186
-0.0572395970613708
-1.1858852122718986
-1.121864799931954
-1.148192728426833
-0.6638282708073353
-0.6427306514471757
-0.42384578896708286
-0.905460081664561
-0.8445778525973071
-0.700046247715245
0.25705186570754973
-0.13565744775042948
-0.43031840722647186
-0.34721422000460334
-0.3096815735129638
-0.5274365916411852
-1.113530599168406
-0.9239504071208109
-0.8286876163588457
-0.4851349681301437
-0.79445301445522
-1.271154341715209
-0.2731886627703795
-0.3188459327225176
-0.2782125049332478
0.4338923563308221
0.5391661760748524
0.3616229175603729
-0.20438800586543532
-0.14894113848774843
-0.23329993592715992
-1.2048016597103308
-1.2524103203658499
-1.1013110397721573
-1.0259470825581471
-1.0082484188255785
-1.161151557485081
-0.03667515470832569
-0.12515873749542053
-0.33134257961439045
-1.1211428554312217
-1.2406291833406389
-1.390251830693952
-1.3572478991368389
-1.4250206102290075
-1.3876279874206627
-1.278777647297807
-1.1304264443426542
-1.136557827597021
-0.8608065357923423
-0.8048167711717621
-0.9237265527826927
-1.2204223221337709
-1.281522785059622
-1.1196462270136367
-0.012862989201729125
-0.18490416213823968
-0.5528554149817296
-1.4472492058556925
-1.5459933422835244
-1.5972036721792204
-0.5400260840848967
-0.48053203824985924
-0.4667813512264324
-0.046062252750429494
-0.2676374621447605
-0.32941706424005773
-0.2072543119843427
-0.1948806475814124
-0.35657164542904657
-1.257800756291494
-1.2914957849908153
-1.3817255261615047
-0.6840101064995315
-0.6083531484729756
-0.4625343747423794
-0.9188922916622904
-1.089384513771536
-1.1806294502737504
-1.150449378062902
-1.2323464307270138
-1.1696468463334904
-0.5170821329938657
-0.33687655090447083
-0.19493246365637906
-1.3842546843250072
-1.4830087472533293
-1.0195360292154507
-1.0920100350534752
-1.3314838786011303
-1.4258957311087737
-0.7207110129794874
-0.7557891477437547
-0.7532315163976063
-0.9574732439303935
-0.8724017766136051
-0.6684733507537464
-1.0002751115138515
-1.0442424052865344
-0.7203130613870813
-0.9597212689381784
-0.737026091828155
-0.448169607277312
-0.8587610508703212
-0.3912246956125493
-0.04240286809102667
-0.8239675840607377
-0.7478797506926866
-0.6238300163990702
-0.9078476666969965
-0.9799309058657408
-1.0901213398011649
0.10441366668951893
0.27411566049220754
0.39274858250904426
-0.6879337135164112
-0.5392314909000789
-0.36084618182175165
-0.20822299242708894
-0.04500700981163172
-0.1928020561177833
0.46242254479915557
0.2865601738099314
0.03405659981725451
-0.09588568799556668
-0.035928827282821346
-0.08868625294199245
0.1472775399295399
0.10621481039465533
-0.2270059935067922
-0.5761747149545777
-0.605837975610802
-0.683410334244121
0.11295623217880335
-0.03268769685069228
-0.20011726705177318
-0.43196075482935353
-0.5942508793516679
-0.525020631279526
-0.7285173043699389
-0.6923384692462318
-0.7175496369042647
0.0017071312894838542
-0.05037185454886234
-0.1894769402555722
0.0811018635027525
-0.03864300919918301
-0.18122718098811152
-0.4623056030515947
-0.4808329877447421
-0.5647738080328408
-0.11430689302019098
-0.13882137070012102
-0.5569374318615302
-1.2362151475381176
-1.3916567566505371
-1.6539545369232447
-0.018217067600620224
-0.15492496357897087
-0.3608121496530992
-1.4232027952745676
-1.529883978604044
-1.6355078698436025
-0.5653485518038872
-0.4527234905010944
-0.28101449072782836
-0.9812547998652874
-1.0275666673993318
-1.044614837723849
-1.4335518214040628
-1.6174998299282826
-1.6834147318727664
-1.4136469741601712
-1.5554570538851733
-1.9344064435114792
-1.333205400241229
-1.6051913528455226
-1.555085447514711
-0.7176906576432102
-0.6668036377280041
-0.5823616371342419
-0.7107521052206281
-0.274970067216451
0.007512235940061618
-0.4392642225634358
-0.33974478634089866
-0.21419597523916636
-0.9736389254213971
-1.11396262060323
-1.3220016041339213
0.7591468444195162
1.0363508080973016
0.9911306140444602
-0.290204642921939
-0.5046897693227301
-0.7122306554472095
1.302585121418532
1.2140106162405828
1.0419388085712908
-0.14120734722653097
-0.2868541249113371
-0.3200564145287562
0.15186412395941418
0.21333564805543004
0.25826888214366406
-0.5833457915202938
-0.5088475376438905
-0.582703244823294
0.8566342885809868
0.9631486943084011
0.9141843256073571
0.7062771256938545
0.6567646074194857
0.5198338149627313
-1.250531939088948
-1.3001818693596845
-1.2412373852020093
-0.8001668661730674
-0.82825471644439
-0.6857402211688193
-0.41088749253655865
-0.22852413477553013
-0.13845440073535709
0.3855527021334164
0.3853695588180847
0.37210107158227385
-0.4113764251071382
-0.4425307363700077
-0.3995841420098708
-0.026050933820819897
-0.07039309421320952
-0.020039612261097017
0.317571588891835
0.43300962263727577
0.5443464949226503
0.6541331342560515
0.5025038931663908
0.4487956692222335
0.073926018499826
0.1701316820841321
0.19196015847317674
-0.2518896367063583
-0.3551063626051826
-0.4971976966881422
0.1324708010151551
-0.3080319735143834
-0.7851178080555055
-0.49952710283643903
-0.6263973649689142
-0.6732508425963261
-0.38025433698044897
-0.21600738049003856
-0.06663057550211876
-0.14387431063307854
0.24487889532177542
0.530475454895688
-0.342432044645774
-0.616983245369007
-0.8785862927168884
-0.009571278999653338
-0.10357918671288165
-0.11842294317821282
0.25601743257394444
0.07164382426165011
-0.12046216925366227
-0.7186521420415328
-0.5335571200448057
-0.4041046107093897
0.052563258921870526
0.13893314601245565
0.2956674865968926
-0.3265894448315575
-0.22313334711175026
-0.2072569980456897
-0.7413435732788498
-0.7624142697945145
-0.744792455885593
-0.7895021566168858
-0.6421160029223152
-0.6605364279176645
0.3951850640314249
0.34961311902537145
0.1726365902998659
0.9328327745129625
0.9332183638902009
0.9605307656528145
-0.42713721729433946
-0.4849457323871835
-0.46688716358504545
-0.13677944344992798
-0.08805738767436483
0.038206152282584116
-0.13886316182229821
-0.08137142709331999
-0.018540535717955997
0.1735552911436803
0.09488102538327972
-0.027419529828992734
-0.10782466896270776
-0.08458918828847337
-0.07981224829315925
0.16242998867072994
-0.0035377629079621636
-0.1912168558953223
0.473956126334825
0.5578178759893105
0.70865012469366
0.2794045241697721
0.4966655999529199
0.6961639827635492
-0.6922453907621601
-0.4857293842817399
-0.3538892264124633
-0.12924626228233688
0.3068315483796451
0.5671356748156131
-0.6693349775085751
-0.7465730775474889
-0.841593568368399
0.6420079789903202
0.647766585512688
0.647755378291117
-0.6971218208582887
-0.6004264254784519
-0.5512603858117686
-0.44010762009548565
-0.5988304375509772
-0.5848060078658818
-0.43266678797386926
-0.7772455670363072
-1.392817388234871
0.7585283054306798
0.939191381746743
1.1243197864025325
0.922943373254637
1.3270576211197593
1.5482051534835353
-0.07679841389974451
-0.10591385208872063
-0.1379425485648384
0.16447590411158117
0.18003096953080644
0.17020526898480695
-0.39830242046057385
-0.4357747014663815
-0.5005707774331791
-0.3532991862458149
-0.4105237848214456
-0.49821107466961667
-0.2430237018540642
-0.2728441661910798
-0.2141751278283619
-0.5039785078104361
-0.6038323499132857
-0.6694812595431285
-0.8354565340953037
-0.7718803806793921
-0.9378476024229075
0.4309565492789656
0.6059029595739335
0.6606707891608574
-0.5964234311278885
-0.6543428365236303
-0.7083223341286844
0.34260754819747186
0.20406449039417485
-0.04392692088131192
-0.6756747989489452
-0.6242321132925392
-0.6905502441024247
0.8855801699780956
1.1259249867302064
1.1398758965810143
0.7207662779370705
0.5480300056149214
0.4092618068199129
0.2979781024806308
0.23425164689256778
0.13261279426258363
-1.0097881763500662
-1.2265781564725322
-1.4297453392389747
0.3375810145169114
0.27629457221030407
0.2543437879072562
-0.4758497471222949
-0.301561557283032
-0.1183458743048493
-0.3214891420398206
-0.32158176791506826
-0.10808690632050616
0.22594855992404206
0.3262880833708439
0.3725636323899444
-0.8074601557676095
-0.9419874251388733
-0.8389172126189897
-0.09266418045616572
-0.38173371075069107
-0.668644047216463
0.07767603490263666
0.017515459513741005
-0.08339900283069002
-0.19660661452650208
-0.07282844696811348
0.06113449875382443
-0.2760800762949026
-0.05815443264106279
0.18854131885294295
-0.17004758918489618
-0.20166282653936218
-0.07609333367429585
0.5803546843598653
0.7484978798677786
0.8128310459153412
-0.0711150823265834
0.3402983894938239
0.7759636708641222
-0.7872576199054531
-0.7487776620300302
-0.7768531561555969
0.9122608292458239
0.9604089749138093
0.911129827362831
0.16281656876278872
0.1909415399979824
0.35835282291010934
0.6252136579008601
0.5856399809975905
0.12097197393234921
0.6572014590218902
0.6111190809288716
0.4561872331051559
-0.1532012589056687
-0.17038767568230656
-0.13178015488554595
0.22748399887783893
-0.06222625160290804
-0.6452270449417987
0.3722435652062718
0.17225740905793102
0.09382570275923138
0.4095709622856798
0.4128019432418939
0.472810862113393
0.13984787678100427
0.13644241892838607
0.206520363632471
-0.23570150469846304
0.08619191549359045
0.4048032279200022
1.0067025480700875
0.8897786441338523
0.6863890198959784
0.2902891124106997
0.6122862901459245
0.817000716759683
-0.44139926225297044
-0.567609526372157
-0.6623468762856599
-0.38809705246897747
-0.5323415401497705
-0.6871134446284286
-0.17139830943783604
-0.10990398156694264
-0.19431881087839165
0.13781599965986305
-0.14100970420919107
-0.32202057637276416
-0.29829645004960365
-0.343471186230219
-0.4808384330791575
-0.024915835360400863
0.0778622366134244
0.15415168968706483
-0.4040913806746838
-0.39247469480576924
-0.521127760922647
-1.3197699255701756
-1.3303007690773647
-1.5171760416696294
-1.360347229996934
-1.375061024250278
-1.293414626003481
-0.7581396897558537
-0.6847678359857557
-0.37165781396540337
-0.128532020948174
-0.13078750146117785
-0.12262449416743311
0.4669654895868218
0.6467821063599721
0.7863536935910751
-0.30354337499243644
-0.12949138776353986
-0.03177805223786226
-0.45103891955692726
-0.4472723739130724
-0.3663547393330324
0.9800813069498588
1.3638409683646506
1.573704046487475
-0.5354973942548378
-0.7966768615617943
-1.1294509817447027
0.4477405281918424
0.3675204348268416
0.16234992802842743
-1.8819847691602187
-1.634656494672205
-1.4237689309283406
-1.4237445874160037
-1.6231411800324858
-2.0015759917966838
-1.072163550404753
-0.9955506335395654
-1.0303344510710348
-0.0489560164912175
-0.041074703239246
-0.12656798242319645
0.05604027238887904
0.09803603972113811
0.08513764631701248
-1.593490376254735
-1.6502628937551027
-1.599300155388264
-1.116843281518764
-1.696833599161531
-1.7577638095204464
-0.9975833770840606
-0.8763524813014787
-0.8570747657712987
-0.07287273567975353
-0.02861558457455425
0.02522597924269955
-0.5932187847021131
-0.3962502240478395
-0.3123165834317728
-0.201451120830998
-0.3477833058090583
-0.4619360832860887
-0.07355639487224734
0.29481849694693907
0.536614865111096
0.24406502109335523
0.2376800111463965
0.1892516391390775
-0.27516138353641406
-0.2312421574347763
-0.1107027991667503
-1.1136230219272956
-1.4125661633388686
-1.648327800683959
-0.8984034181981666
-0.9383872745097095
-0.8346727073393669
-0.23128768737671562
-0.32263135711909313
-0.5306868421931298
-0.2619515174460431
-0.04959836363603465
0.08857232962116043
-0.735229503992401
-0.06830518364301488
0.4218493566614072
-0.7805282426018139
-0.7129162521334689
-0.6705077692501282
-0.6731411884690589
-0.6902524539224785
-0.6471949752343056
1.2347242632885682
1.2516698513572175
1.1123425289971505
-1.36459080349363
-1.4681461401718043
-1.7857354628900195
0.18940684329823268
0.04994307522541816
0.0020939862708088675
-0.4454693067419275
-0.3322333216439479
-0.2489781905741683
-2.0957688745314225
-1.551515399177561
-0.877285560139982
-0.9756918299420847
-0.7828272485087023
-0.743445195740658
-0.2886489543662596
-0.5179245800842766
-0.711003017906017
0.07458359769652886
0.2857022603026513
0.5189067807010208
-0.4573775978407105
-0.40683389791980595
-0.3290183264018238
-0.5205028538555205
-0.6533158781475034
-0.6889487162906364
-1.073451503851041
-1.090205556618529
-1.1903940805314457
-0.3711868750208898
-0.6177572091040294
-1.211314262555582
-0.17116526893025877
-0.2726057152878901
-0.537216337708085
-0.8452956488140895
-1.0396794569298775
-1.170878222085463
0.10504453416760567
0.09637690805708948
0.12067752310063237
-0.6006922576578697
-0.5792271386525379
-0.5657769728627409
-0.4832027285770193
-0.5879186499455066
-0.5567316916096303
-1.2864872983336788
-0.9988004064076468
-0.6810684400989129
-0.7501579772236132
-0.6508540667783164
-0.6247411576108709
-0.8844893460520555
-0.8720828061474566
-0.7349981276200181
-1.0613579139921363
-1.1474037929086511
-1.2148037041834299
-1.0001417535443278
-1.0711963862127731
-0.9423336236995432
-0.49233621253454884
-0.8484587311636022
-1.2851267974403597
-0.48782609315230585
-0.5924533885416516
-0.4745978552589153
0.32743151947746085
0.6600579009126777
0.6454096263103659
-0.6440052869867325
-0.5392671729109206
-0.4082204125727146
-0.33694196673202537
-0.38369851811518507
-0.46278476635340254
-0.9171958538986862
-1.2705006506012677
-1.61953984414929
-1.078723602946923
-0.854905046624103
-0.7414291276273622
-0.4279924502508577
-0.7464608534069502
-0.9938333585890655
-0.9266197592899155
-0.8275900066033721
-0.6877142872553064
-1.0952442333487276
-0.9931758341616584
-0.9871395364818337
-0.6560120961139169
-0.6032846854915088
-0.8055543650631722
-0.16787403545959464
-0.20982506532482803
-0.2541198449223473
-0.8760331371539032
-0.9842995408573678
-1.2110833576789342
-1.302292382264925
-1.4026310913445463
-1.5995015617527784
-0.37191411229346144
-0.1710247348623895
-0.09237016477687321
0.26437395677266595
0.021896235918124958
-0.06774652092329889
-0.44019283706476187
-0.5175142144198848
-0.7664867077984419
-1.2513353873775745
-1.3821182647130175
-1.2638031672512797
-0.26382302649010786
-0.35581759029608157
-0.48765763265784057
-1.2364482683244347
-1.3895429203588183
-1.4407077692216668
-0.028492816675965142
-0.0368331968576358
-0.07613340814728606
0.03663997941668433
0.05403229863157855
0.07307405616888835
-0.4016766247232631
-0.08239879924414252
0.12664467520200381
-0.3716815635295573
-0.6133737998614527
-0.7303102659835072
-0.6221040066337236
-0.7989691731432517
-0.7222866080789472
-0.9991060991534264
-0.8366012302008037
-0.5229671093683286
-0.8529324681412457
-0.5002496438829559
-0.23917811073137918
-0.4553349873721738
-0.39567030842077106
-0.1392510667873896
-0.8829185923066756
-0.7876865644189779
-0.7521458061679197
-0.5464525996482739
-0.24919233355350723
-0.0023842702546876815
-1.0875687994810355
-1.0001275677451873
-1.0544821138606815
-0.48349321950404534
-0.8436118858072414
-1.0729197428360973
0.037753631773088964
-0.13523113860139457
-0.45212385163447777
-0.8681128815885473
-1.237023941108406
-1.5331442020024995
-0.057312565348160135
-0.20359373980278042
-0.2281487790283313
-0.12047250902170323
-0.007625758242249828
-0.05459856231150327
-0.7766793521286859
-0.9308151485966574
-1.0248191684233503
0.08958759456387694
0.16386138591206467
0.09646563532028235
0.01941838668319934
-0.01401272765296821
-0.16020581758492458
-1.1815348816099105
-1.335623883117612
-1.3144503838504724
-0.09927072516163812
0.10692885418639905
0.10762567252548877
-0.07274412369083405
-0.0149604705947321
0.0055101766869344315
-0.11831823617065987
-0.24250373788403473
-0.5685010027512254
-0.6573112210726527
-0.6771085401469294
-0.817737187782145
-0.42926217598537164
-0.30563811424180437
-0.3275823442297968
-0.8353048937296974
-0.854982635718833
-1.0957224794029017
-0.05708847162096098
0.02695465172767597
-0.006271146194804067
-1.4945364939549937
-1.679473458176787
-1.9248363460171096
-0.13480561801730626
-0.008067549487560409
0.013168879688251874
-1.4804221925022716
-1.6783981792525369
-2.0026579068398624
-1.089842029728247
-1.4089173266991843
-1.7464458043743663
-1.4461326092958133
-1.3707055774433043
-1.3651865943339547
-1.4980461445011795
-1.6756580246941029
-1.5478298995467126
-0.8955148509115575
-0.8499963843758023
-0.8536549861059092
-0.5634793722912368
-0.34083615541961615
-0.11529411983751446
-0.13668202647302174
-0.07206417189554637
-0.037846721919590376
-0.4661755451359567
-0.4819900462086728
-0.5569693916037193
-0.06972503704688213
0.3306438106254447
0.5508967982006139
-0.7420932396054456
-0.8253156855876853
-0.8373727459504544
1.1981832738615976
1.1789032840923592
1.0197587704641562
-0.8348043237556366
-0.5953582371427464
-0.46340148059320024
-1.0552856663569616
-1.2411174023695057
-1.6964456490512747
-0.376397019154475
-0.2836244810794004
-0.18991919861156692
1.215781447071476
1.2434242932902997
1.0835921257760637
0.5203068252460412
0.4220998629651981
0.5413583090579259
-0.6084721836573213
-0.45696386574805314
-0.27585744184191713
-0.9985793396261462
-1.0023354815244323
-0.9111554318697823
-0.008289658551890733
0.07364411983921576
0.03003459996566754
0.3499947942939944
0.3721047224726263
0.38825997989650485
0.0068764876227283
0.21884448031498308
0.3337393251324935
-0.14983947208859444
-0.03301430558213081
0.11853852073828286
0.19137030073328368
0.005787884028074258
-0.0743545883752833
0.9700305541659857
1.0944336144081723
1.0617210398568337
-0.18009010799282224
-0.0779236378402835
0.16466610221946978
-0.47741517643107334
-0.6475666090048301
-0.8899106832368301
0.4106614174621914
0.29456769368199187
0.19832563448054547
-0.8380103902763547
-0.8905123134192221
-1.0132221576936675
-0.5667005150206813
-0.410148450591959
-0.1450202337997285
-0.07149338592890597
0.11639127894743506
0.2817088435360634
-0.12710519075687177
-0.17921549229782446
-0.20097751195712465
0.2819967651271002
0.3709370317694345
0.4061389020296077
1.038418993494704
1.1039114135433694
1.1132164360920802
0.0005214717778393441
-0.08418481439230724
-0.29912920299109935
0.7561777938551917
0.6000307322837186
0.5319739072636238
-0.28778557951604
-0.2328265423060073
-0.21276432407411233
-1.5828151694439785
-1.5911589740041356
-1.516989427588575
-0.6795299140397504
-0.9291325180110219
-1.3366462649833593
0.542750702390785
0.4678783404519045
0.4317801529555444
0.6697190902118935
1.0203463835322906
1.2094682229887077
-0.2579199781212206
-0.20257921111600002
-0.11635579271864241
-0.11144737587257872
-0.11643128434832566
-0.1392547847906849
-0.06285584628687435
0.08814254821781037
0.11918262698713528
0.3962025694319674
0.35864135478149706
0.1765168360645387
0.3669038021600005
0.47204407935046444
0.570925461954296
0.2548025317429343
0.2919178017188586
0.3360340775880276
0.35517403677369663
0.365739063337553
0.40071772928375593
0.5617450115661216
0.511717407849794
0.39568061911128727
0.05733435602787562
0.185865621046248
0.3264675149748446
-0.5474353155055599
-0.5570820721987401
-0.4223191637174128
-0.35872074824731576
-0.37672556552966885
-0.3794824020314391
0.5798403990814271
0.4010122944946569
0.3035856867494085
-0.20162358370884947
-0.5415433153268996
-0.8036941180839128
-0.24226401823815003
-0.21439000636315397
-0.21499190062012613
-0.3478552057054031
-0.5918049515169386
-0.8430807021067623
0.2807933019385884
0.31649378286034874
0.34040192692211624
0.8304451913587131
1.3996740752162289
1.5740352849814596
0.13071139938429685
0.19163292516845404
0.19310094114312756
0.4641994905300451
0.6654590782753246
0.827660226891322
0.29078982673153475
0.11852572362611417
-0.17125888629248764
0.024036871950137373
0.17646852538859736
0.2228401056685556
0.3778994272536896
-0.021840051097106794
-0.32745713927654707
-1.1011705771886833
-1.1188210658145572
-0.9840271477016372
-0.807214275991301
-0.7320851079677415
-0.7131538881839758
0.17325091207088006
0.2823164137245006
0.3586066865475536
-0.2864543645592648
-0.42406649500482224
-0.35930621944876007
-0.3071049137911721
-0.25581540071231157
-0.13779767682496058
-0.6621760110674322
-0.7463555155912186
-0.7820279966538477
0.27037474511222714
0.5342134186335934
0.7670223975637152
0.29293573939941897
0.36580822769896787
0.534875692464118
0.5543427257459494
0.37156772897160156
-0.03059340932664173
-0.7564080109285644
-0.9695617440763127
-0.9963890181914911
-0.4245841554542699
-0.513134883835206
-0.24842956575232
-0.7730201009506952
-0.7015259165033734
-0.4129239403986887
0.01795094980660115
0.3350961188897374
0.6924666373700827
0.5920859848952534
0.5584487363995718
0.5957533184954925
-0.1399696485260788
-0.043534968271291274
0.0432749909828454
-0.2590424972028221
-0.2388094399844407
-0.14598345102044055
0.1093976548151751
-0.09153709348563643
-0.25539175913794204
-0.36914699247169247
-0.1780791048861367
0.002581005317691565
-0.369527916690809
-0.12552356334989467
0.07948183974985135
0.37702745479085675
0.44033669578311907
0.639693809799206
0.15888102019928957
0.1387760123657361
0.07749932496623613
0.49737747566457896
0.6279324268183941
0.7586152071904245
-1.0550560871841066
-1.171643533793536
-1.237462623499617
-0.08689407619615688
0.12579641680310508
0.2779223748227112
0.5873142654909644
0.5051222814221551
0.3211689859241983
0.3264004437727357
0.1981563421803523
0.0858040020308893
0.6017978706826259
0.5535054175510503
0.3372665223745992
0.20077491102808653
0.030371101777866644
-0.005369781642163479
0.3216324103130913
0.188849056657002
0.060515402016040776
0.47833372765871784
0.26730762318066126
-0.08660825874339959
0.8615464728740085
0.6706236889105623
0.29351299030183986
-0.5993224442750424
-0.5642549800098093
-0.44478035119782655
-0.14961224511190996
0.1595981483866656
0.4394856266774305
0.9714231566888885
0.9426194770652544
0.8415462477222189
0.0020552769746104427
0.1780046640258116
0.3831621071015869
-0.3886803024765595
-0.43764899473788454
-0.4677389197299717
-0.22829989353079935
-0.43126669057958567
-0.5538726095745878
-0.3400559601397038
-0.26239065316412247
-0.23826541828116143
0.22625086783792725
0.16969017305149564
-0.04306937873266775
-0.6576790161204028
-0.9664648981234255
-1.2167496737016223
0.10624423368384217
0.18811071530695037
0.3350321285341274
-0.40711796103360137
-0.44512615307611164
-0.46417042694210753
-0.2986030565469715
-0.3911178592188173
-0.6303991551518504
-0.4988608584469224
-0.686945862424695
-0.9463712064232371
-1.408668995518009
-1.8037099251071278
-1.549812258505947
-0.2557732088089202
-0.4649541960036983
-0.6479568415684337
-0.7110097387333699
-0.24072521184268203
0.2866040462987428
0.08678577993875591
0.08291491868400563
0.08575023927579659
0.0005932375136344648
-0.08447231778214134
-0.07787835828720466
0.8107306732953301
1.0935795231344168
1.342758136799798
*