Initial Line
Large
-3.059805626861288
-2.9000964335347588
-2.8414628450738793
-3.41441255119454
-3.251296587439182
-3.0632548236291166
-3.165388065705897
-3.0728366581090345
-3.1150661268588573
-1.2839054187596841
-1.2253044195351155
-1.0821538355237854
-2.907145247752131
-2.7964685798199946
-2.3070049527339984
-2.5018866181002632
-2.4453301547221122
-2.552052925549387
-2.377261763075896
-2.274930444550849
-2.3525453612227953
-2.6075929773504276
-2.6578099120513543
-3.017622178192801
-3.118391053871335
-2.795087617745184
-2.715992374999587
-2.320819676487389
-1.952247331275868
-1.9160859756134538
-2.0543633386648583
-1.943393688243288
-1.6960596105656771
-3.0130021854865747
-2.935095966353084
-2.9347553569591063
-2.9788904202112976
-2.809269163643374
-2.343938799489519
-2.093212684552041
-2.343688405233821
-2.291774810793398
-1.2625858556839673
-1.397966812769289
-1.4237447453278533
-2.0174770286201436
-1.8872733360541902
-1.8278158597762757
-3.047443970199703
-2.884309524804233
-2.512995445192306
-2.549793239846274
-2.3418405086284872
-1.788421177375832
-2.275838267601125
-2.3923184316941244
-2.625335977666974
-1.819298297256712
-1.4362703895565825
-1.1753430407945435
-3.04979711360014
-2.74065562240579
-2.4235091830745867
-2.288131776143423
-2.7812446931621255
-3.038878955977396
-2.1312032810393093
-2.2333741501979145
-2.2602253988259555
-1.3436859540387225
-1.4486898744968728
-1.649031055502912
-2.332278653625255
-2.555714441891447
-2.918511370047429
-1.636237566595067
-1.4199058309172754
-1.2051054474099923
-3.0466967055144227
-3.1559470872137814
-2.926562327349993
-1.4008829099559756
-1.5924841604175075
-1.9021253847328898
-0.8810600816605146
0.05046893606983266
0.5723037098831667
-2.598779418837843
-2.7540897519011143
-2.5526950065785314
-2.472173832751227
-2.191410141267772
-2.106413178901973
-2.622186721620907
-3.0558316382692805
-3.3728838705139395
-2.1817567950175465
-2.115434821535506
-2.3905321041814522
-3.4498349027188837
-3.3072896678720634
-3.200272117280587
-3.015359270008513
-3.104985883742075
-3.2725833246988003
-2.71594354536049
-2.4514578578572834
-2.0549359558414118
-3.1638312773567323
-3.207370788774747
-3.0464863837269234
-3.322198381588988
-3.35603581852897
-3.1714494643277003
-1.6123660894137863
-2.27471062540984
-2.4032687854766843
-2.6450478182609354
-2.1554680734046725
-1.728797139723048
-2.5313458047000656
-2.018145908876872
-1.6390310778691184
-3.08294057027509
-2.966413366308202
-2.4816540495290536
-1.6832821041783679
-1.72036537452273
-1.6868069604305846
-2.0043205708066476
-2.351425973786373
-2.3440102074166402
-3.2182484574402626
-3.241691285401616
-2.8504842485246353
-3.15197261033863
-3.067937659088403
-3.0352833092284492
-2.428534836562044
-2.325110481540821
-2.078864478985466
-2.9804696452169948
-2.612204986839793
-2.0955294000792732
-2.59447153441199
-2.297010345578048
-2.1678127109599536
-2.925749753339769
-2.436518177014234
-1.6497263971675875
-2.489284743142634
-2.129877413227733
-2.115798272287372
-2.8532278720960216
-2.190711578152296
-1.6315511872087587
-2.1089423491548525
-2.2433536173484283
-2.280201491905757
-1.916760905826794
-1.5484629907412764
-1.4627306150333759
-2.5652285125657777
-2.5188825885807273
-2.482992730034804
-3.0128435108908156
-3.267273520860722
-3.4337824875213494
-2.3153689268092217
-1.8863270721082808
-1.3544582914453307
-2.145552854915365
-2.217966186962488
-2.103098147837416
-3.221779767110886
-3.014688549856135
-2.7803710821008405
-2.823870395437175
-3.0640780210815866
-3.100979244013951
-2.3840388286809526
-2.3984460890688184
-2.3798850420273276
-3.384626735166334
-3.19730826735463
-2.9349217137323054
-3.578059101555027
-3.5694540053255652
-3.494988036120532
-0.6149968445271295
-1.2731461999902631
-1.6634427611679836
-3.31977684235585
-3.380465211518107
-3.1132700907208664
-3.256406189496822
-2.931194038016794
-2.4386281173654547
-2.2083522869998844
-2.319763314746265
-2.5350997878836363
-2.697814984344153
-2.7911518414895062
-2.5431757336046634
-2.2818790297122775
-2.1135623215198045
-2.0744422191044865
-2.9465631917042927
-2.5325449807205573
-2.1050177826440812
-2.6111867256301817
-2.617274304969676
-2.8400837051737686
-2.4225465259564967
-2.3110275528537754
-2.3119884713058885
-2.0274734395806906
-1.5775395105692362
-1.1297845970271263
-1.605924808398434
-1.247440622343929
-1.0251334610863674
-2.5960490451663647
-2.6566125494350965
-2.453066405859193
-2.16582605332542
-2.0228683818496456
-2.1719450681835957
-2.997106123054487
-2.891534888082603
-2.5335099907400553
-2.7356201223461003
-2.7784280583999177
-2.557622561900904
-2.5436861039308294
-2.571459485539791
-2.640201753531365
-2.461773772456627
-2.10202752781226
-2.126446798596705
-2.0348436616682046
-2.206955973700649
-2.25076413439894
-2.1899766904437166
-1.7597367215837405
-1.6001688414045399
-3.116775691376576
-3.082980509532277
-2.945525604754878
-3.3030828892255584
-3.1773371220022883
-3.09583318345665
-2.121583563678153
-1.954261189379519
-1.5493164355521407
-2.8933956891362675
-2.7421653457340116
-2.8048085877196156
-3.1583489648453584
-2.686288683168354
-2.2490031052268744
-2.234126599989617
-2.2414846067524783
-2.145766679350495
-2.7390822069448237
-2.5637548779033987
-2.296130953725095
-2.8567330767920667
-2.5783322452089488
-2.391444994242358
-2.542229876147388
-2.828343823036625
-3.1748644336155145
-2.9728822686280214
-2.6261236795051457
-2.1866903463230356
-2.9662661302782145
-2.6512963608422218
-2.5548633027297285
-1.8688363277953426
-1.9050072350033667
-1.9009717671409991
-1.7807404734680206
-1.7774026250797075
-1.94374386760277
-2.3668125366086974
-2.5246145024878732
-2.3649924711373176
-0.45597337228149704
-0.31772905371660076
-0.2637757800174265
-0.9247101182527733
-0.7861644496507267
-0.7991165329059904
-2.282994475978531
-2.3485483261952567
-2.506041651507285
-2.817559365687793
-2.4079630528082308
-1.8902793640612288
-2.8798410415618036
-2.903874175213802
-2.904697357654162
-1.7727884023744724
-1.6757513866220162
-1.8309276652859494
-2.100569444431182
-1.666801470820158
-1.162231037460645
-3.059805339340613
-2.9000962359594262
-2.8414627183985006
-3.4144124950446693
-3.2512961044705295
-3.0632534077278857
-3.165388202530202
-3.0728356298923742
-3.115065073904671
-1.2839046556889477
-1.2253043784763258
-1.0821538589079134
-2.9071444280085017
-2.7964687820170755
-2.30700428025013
-2.5018863643760247
-2.4453308698142595
-2.552052805758095
-2.377261765705558
-2.2749322642728487
-2.3525452196928818
-2.60759303858965
-2.6578092336408106
-3.0176221755125074
-3.1183918957917887
-2.7950875289202166
-2.7159924202594827
-2.320820085355781
-1.95224709845517
-1.916086144855575
-2.0543633475875387
-1.9433936855531406
-1.6960592334779152
-3.013002002818832
-2.935095739924575
-2.9347560536968063
-2.97889153266446
-2.8092681032506097
-2.3439384112218633
-2.0932135310931836
-2.3436884491471863
-2.2917748200861574
-1.262585918593177
-1.3979679153081737
-1.42374541117589
-2.0174773544775775
-1.8872734809577738
-1.8278158664280513
-3.0474444942925287
-2.884308174096801
-2.5129955096644467
-2.549793200985496
-2.3418404570901368
-1.7884211486830512
-2.275837882373939
-2.39231613089496
-2.6253351596171095
-1.8192993255477958
-1.4362704445150425
-1.175343379884945
-3.049795966992593
-2.740656591319569
-2.4234989380229717
-2.288131794161052
-2.7812446590712714
-3.0388795240180526
-2.1312020876479933
-2.2333735878943966
-2.260225133674264
-1.3436859955006513
-1.4486898149648666
-1.6490311842907828
-2.332278495520815
-2.555715521512373
-2.918511317650279
-1.6362368004818688
-1.4199059053548793
-1.2051049561086935
-3.0466971332336716
-3.1559465286656234
-2.926562235395414
-1.4008830203239873
-1.5924839286053596
-1.9021254235124805
-0.8810602995714634
0.050469103080538424
0.5723033926120766
-2.598779468557918
-2.7540900708888234
-2.552695082697037
-2.472173693922193
-2.19141072876538
-2.106411759009795
-2.6221866105168745
-3.0558313190579756
-3.3728843556526735
-2.1817572878846523
-2.115435064011943
-2.3905322012964216
-3.4498399528841306
-3.307289229655481
-3.200271096315216
-3.015359877173251
-3.104984888650349
-3.2725813161576798
-2.7159433738474936
-2.4514578552389485
-2.054937529525274
-3.163831201813034
-3.207370779140594
-3.0464861523769824
-3.3221997995233643
-3.356036137859359
-3.1714505982885264
-1.6123663773147932
-2.2747102957239913
-2.4032686895391846
-2.6450456492247056
-2.1554690213839622
-1.7287968606333748
-2.5313455212173315
-2.0181456684754076
-1.6390313615190062
-3.082940270372685
-2.9664132366582425
-2.48165406319239
-1.6832822590234309
-1.7203654146063418
-1.6868072164903498
-2.004319770624769
-2.3514256967147102
-2.3440102420312767
-3.2182480195576426
-3.241691477302325
-2.8504847455156845
-3.1519728459419447
-3.067937786237725
-3.035283319609987
-2.4285347980798555
-2.325110095583709
-2.078864684144801
-2.980469914604053
-2.6122050149357667
-2.09552938592745
-2.5944712412940873
-2.2970103693676847
-2.1678126196218104
-2.9257497049215058
-2.436517895532975
-1.6497266107345037
-2.4892847712045016
-2.129877053372168
-2.1157992542535724
-2.853228022055723
-2.190712423846172
-1.631550501280663
-2.108941366839962
-2.243353928325687
-2.2802015230525057
-1.9167608351184218
-1.548462957064464
-1.4627305793058993
-2.56522872243489
-2.5188825932163086
-2.4829932324033566
-3.01284310110025
-3.2672732845410684
-3.4337822272343588
-2.3153693846054235
-1.8863269096548605
-1.3544585051757387
-2.1455533119363945
-2.217966221915482
-2.103098150985749
-3.2217817600688923
-3.0146890313415455
-2.7803712959535383
-2.8238706714042916
-3.064077608354482
-3.100978843151707
-2.3840389433473677
-2.398446287159404
-2.3798849608521415
-3.38462592137716
-3.1973082073398604
-2.9349213414279856
-3.5780581837218945
-3.5694545100786943
-3.494988086270463
-0.6149964488007031
-1.273146622966823
-1.6634427967399295
-3.3197770704722904
-3.380464930217861
-3.1132701722128586
-3.2564062091542287
-2.9311933821700533
-2.4386265958684756
-2.2083522189232503
-2.3197632743926464
-2.5351009005892426
-2.69781808765443
-2.791151935964496
-2.5431763529104314
-2.2818792626550772
-2.113562421993641
-2.0744429692390893
-2.946563137720669
-2.532545622964303
-2.105018629977958
-2.6111867991957123
-2.6172736554036677
-2.84008633331183
-2.422546115056244
-2.311027588189324
-2.311993794186173
-2.027473974726683
-1.5775403566494612
-1.1297853459616907
-1.605924796960122
-1.2474404249793647
-1.0251341489381116
-2.5960495717821703
-2.6566124457775
-2.453066577983261
-2.1658261728446973
-2.0228684687418355
-2.171945483993645
-2.997104888732249
-2.8915347249294516
-2.533509028789112
-2.735620056038738
-2.778427562644513
-2.557617760829233
-2.5436862090504055
-2.571458946291431
-2.6402023626220714
-2.4617739236214016
-2.1020334686562667
-2.126447065056042
-2.0348436830768715
-2.206955325968834
-2.250763671201415
-2.189976652513601
-1.759733944779295
-1.600169235003521
-3.116776015375561
-3.0829801732913906
-2.9455253154142804
-3.3030830668666096
-3.177337296346307
-3.095831570394969
-2.121583828443892
-1.954260222710875
-1.5493164359126648
-2.8933957161780075
-2.742165417732542
-2.8048072371002104
-3.1583482016005764
-2.686288586725073
-2.249002795919682
-2.2341264655553164
-2.2414851215360656
-2.145765920196935
-2.739083713651215
-2.563754187837626
-2.29613101189997
-2.856733022957027
-2.578332273642311
-2.3914446552091433
-2.5422297032158685
-2.8283435067489497
-3.174865662418769
-2.9728822834741404
-2.626123583320924
-2.186690261125511
-2.9662653307229263
-2.6512963334901647
-2.554867195871208
-1.8688365315796258
-1.9050072250191388
-1.9009717576996028
-1.7807403090429266
-1.7774031634182346
-1.9437427114478845
-2.3668125468651557
-2.5246145284582395
-2.364991838206053
-0.455973424004671
-0.31772918051851806
-0.26377572135844507
-0.9247099567940231
-0.786164588551736
-0.7991166394772299
-2.282994786890963
-2.3485481017634444
-2.5060420284891975
-2.817561710297988
-2.407963294919413
-1.8902792755198587
-2.8798408218810563
-2.9038729545653896
-2.904697694579623
-1.7727869103411704
-1.6757513655377514
-1.830927658131274
-2.1005694401812276
-1.6668013943671414
-1.162231224891356
-3.0870343964804663
-2.8653759762983375
-2.7899360887595934
-2.517009624894908
-2.608699338475933
-2.7798934252644316
-2.0835937795264456
-1.9168613014406306
-2.046409909533941
-1.914810827663086
-1.7347099575215665
-1.2603092334988273
-2.4471054809702277
-2.558029954633577
-2.2251906110290154
-3.0171583969084015
-2.8375965433582415
-2.5861053959888896
-2.4474293850171467
-2.387790792891867
-2.4438131579089717
-2.467765562793081
-2.3814765320514053
-2.624379000548382
-3.181548790241083
-2.8120975673028683
-2.744510376453463
-2.3245021056251955
-1.8361685552393858
-1.7978339558408054
-1.4911786855757054
-1.2686786654008158
-1.0981981959948648
-2.966087476630496
-2.849626123765285
-2.793399248119727
-1.6492558918327005
-1.4741183559047075
-1.4724572907193378
-1.8879956597093779
-2.0724731394308726
-1.9761674024445552
-1.247350760536667
-0.980406743484734
-0.7221922314029678
-2.019943260356118
-2.0603978115887673
-2.1675122458380875
-3.323061799278052
-2.7764115722003275
-2.3868303804618285
-2.7342938641096772
-2.4913433956977964
-2.098271491534936
-2.8372365057556435
-2.95236739942927
-2.994900125572964
-1.0301346618376819
-0.6795856005989521
-0.47770365189558645
-2.4481499245465153
-2.0048180841381393
-1.6884930047894842
-2.2694144401683998
-2.444729873820809
-2.3299706234436828
-1.9270447813979004
-2.0336407143395068
-2.148095859876062
-1.3822584281475754
-1.5843836657916448
-1.8183744711578023
-3.0017040741195817
-3.0614700580196628
-3.198505765112845
-1.879033056959957
-1.5544461351686378
-1.2080048573167241
-2.74436607341345
-2.464772400363011
-2.0431353504862457
-1.91948396988023
-1.9820066064105661
-2.0430766003615632
-1.268915903135253
-0.48234253776825586
0.07565665607246759
-2.7031001641534322
-2.8776858002972414
-2.7994027505578654
-1.891007905213777
-1.800830437217347
-1.8243077290627505
-2.913788605182818
-3.0985853351366535
-3.200527076808617
-2.162556715506412
-2.111233848705452
-2.4293629474269918
-3.506610569156074
-3.1374324638905855
-2.9172305754718577
-2.798872138688589
-2.7200557602681714
-2.817770344613823
-2.624898277902565
-2.516701540647765
-2.302073951673741
-3.327164329729161
-3.33927824634001
-3.0491794654752296
-3.1208999960151127
-3.2449886421181553
-3.0893962513089948
-1.7475608385369918
-2.3789787694521323
-2.5279443578890004
-2.3932896746655414
-1.8021951994373198
-1.3877218526767563
-2.306875333760966
-2.1083789837610754
-2.020767061972521
-3.132934257001444
-2.9052111271163605
-2.3614709815109403
-1.856526668482731
-1.8369249747412786
-1.8605566523698984
-1.8877439086753467
-2.264494182990802
-2.277813636791481
-2.9312538559269887
-2.6423990242112954
-2.1572147039645357
-2.963084611715249
-3.0668142813153034
-3.0459155012996804
-2.880769480819649
-2.802267230915535
-2.458496212415293
-2.6233520667963
-2.4027175243987093
-2.1411247592717837
-2.3775953402431584
-2.0047129030031146
-1.8764212825167417
-3.04194413771578
-2.7152237721175707
-1.9943084182387767
-2.4292551499275428
-2.2051230949699288
-2.405150898197872
-2.7538974574306225
-2.4501350327283618
-2.1237228940999224
-2.819140864848971
-2.924498870337889
-2.834684440158539
-1.9677220200883578
-1.5775549157085142
-1.452242971417726
-2.7728619515618895
-2.733576662500395
-2.6559640649346363
-2.2379658610922135
-2.3454808560098126
-2.5934934779944037
-2.3724295112759
-2.093929362349181
-1.8181852147470794
-2.022551301357784
-2.214339718530021
-2.2797800167180093
-3.2045781838561354
-3.048602642025741
-2.8198379386328565
-2.2163942620822894
-2.5705063539164987
-2.905153072550385
-2.37427062189604
-1.790287150446746
-1.4705856496662442
-3.0746328004057544
-2.767090324929688
-2.7304426763609286
-2.888971849650316
-2.841520974783158
-3.0091929755397553
-0.3161599219125723
-0.8436721329096637
-1.1109084827250253
-3.4297157014677793
-3.346570590205692
-2.987176297585246
-2.7206436187682077
-2.2432769869138762
-1.7758852057990393
-2.3101089692233643
-2.0643414009707026
-1.9488935958925655
-3.002048430433149
-2.9411134104773304
-2.3725184203894005
-2.195005491999486
-2.364998356303067
-2.519323042282282
-2.262141366352275
-1.7526221542466418
-1.3547225540800474
-2.3140578935008684
-2.444402198350132
-2.847932227820994
-2.841805394943472
-2.8298493694976097
-2.73095367761226
-1.5598460864445676
-1.0829549382032195
-0.759169422487273
-1.044716071998148
-0.7406033704465953
-0.7201435715899893
-2.38594506572612
-2.0662291225785
-1.7114959796134424
-1.973959012481287
-1.8936772608758403
-2.0724662586542326
-3.106512228762588
-2.6563036826110373
-1.980813158060873
-3.1817232889061753
-3.2539431682420275
-2.7908550012735622
-3.0860173525402117
-3.049557123705587
-2.8723679098997934
-2.017618789399725
-1.9725634682831974
-2.1313469139908072
-2.816176091625758
-2.6772067033038516
-2.4033625581084017
-2.5549932834742775
-2.1908006100968698
-1.967613237250009
-2.9590292460619443
-2.951821461311402
-2.7737244233877343
-3.101005204769207
-3.276452497603689
-3.3105155945635314
-2.055097956607342
-1.7626569429681263
-1.2981841503583114
-2.9111832656387318
-2.519166368384977
-2.443850316788534
-2.3857371540963337
-1.9838605951920587
-1.536655705093406
-2.368521383705075
-2.2417446993098853
-2.094755207976318
-2.1557939165338826
-1.9596681798714322
-1.8049255423252926
-3.00459942224286
-2.6530043904816623
-2.4398686483036367
-1.9944474221433584
-2.2327476163146844
-2.5980249140084006
-2.14239699291086
-1.7326320037454361
-1.4369887209854046
-2.4898038538044114
-2.000238241384002
-1.8649418834420288
-2.444841101727267
-2.223415568016802
-1.9536470397711763
-2.2064425125354057
-2.273325364756024
-2.5954355136954095
-2.3343197635097552
-2.3887138662285246
-2.210180484848607
-0.8007382051583217
-0.46140988216297885
-0.20114248364317677
-0.9398346795117831
-0.6377928858025863
-0.3657144558102622
-2.5047175010074185
-2.459359969953902
-2.571791862878227
-2.780766604721202
-2.6284214617149706
-2.301189488323383
-3.3744856146735014
-3.396282219327203
-3.275850766062441
-1.1104167413389439
-0.895056037063605
-0.8883011654151682
-2.108357701400038
-1.464086353908634
-0.9996588607487271
-3.087034589986871
-2.865375956161932
-2.789937072731722
-2.517009344367475
-2.6086993211117457
-2.7798933577343434
-2.0835932764170555
-1.9168606667625236
-2.046410310883134
-1.9148106812008212
-1.734709998956985
-1.260309194355833
-2.4471059753828355
-2.558030239340513
-2.225190539438196
-3.0171580674770784
-2.837594749496535
-2.586105844163613
-2.447429269137422
-2.387790675985729
-2.443813745758639
-2.4677663030849404
-2.381477340063606
-2.624378947948064
-3.1815484779500185
-2.8120970020234397
-2.7445101131189213
-2.3245021343356873
-1.836169029489433
-1.7978339850795613
-1.491179576882402
-1.268678913070723
-1.0981981804470822
-2.9660872949492725
-2.8496258382028863
-2.793399114920208
-1.649255201471831
-1.474118134524906
-1.4724565679800756
-1.8879960253658572
-2.0724731182736167
-1.9761680584789132
-1.2473506861839398
-0.980406881857302
-0.7221921000182235
-2.019943133933885
-2.0603982584521754
-2.167512029423284
-3.323063144501728
-2.7764133951749796
-2.3868304121989627
-2.734293225082512
-2.4913433908445937
-2.0982714514065144
-2.8372373746850794
-2.9523679305533315
-2.994900113610787
-1.030135399796059
-0.679585770037145
-0.47770369676675706
-2.448149829124086
-2.004817682526868
-1.6884918904058028
-2.2694146800487482
-2.4447297467956863
-2.3299705344770505
-1.9270448611226607
-2.033640018430948
-2.148095844981281
-1.3822585054533463
-1.5843838362334928
-1.8183754031756045
-3.0017054097498503
-3.0614722915642356
-3.1985068625716035
-1.8790335790906973
-1.5544463291939161
-1.2080048859214505
-2.7443659079321114
-2.464772625072059
-2.0431357075905594
-1.9194845403788607
-1.9820068031415266
-2.0430765153944384
-1.268915818107649
-0.4823420256185359
0.07565813495246149
-2.703100402929281
-2.8776855828055288
-2.799403602626577
-1.8910062342649256
-1.8008297858452438
-1.8243080918250576
-2.9137884630317687
-3.0985850684945433
-3.2005267812357574
-2.1625568179927814
-2.111233889317818
-2.4293625491777826
-3.5066105897228015
-3.137431987899046
-2.917230047792223
-2.7988720836300893
-2.720055714645765
-2.817769739957518
-2.6248987699889503
-2.516701515822869
-2.3020741429902456
-3.327164385078235
-3.3392787577925676
-3.049179042862421
-3.1208994230950236
-3.244988635507476
-3.089396451037663
-1.7475609659713789
-2.378978124238559
-2.527944428386264
-2.393289639120672
-1.8021952470589824
-1.3877165770365747
-2.3068754677164347
-2.108378999729637
-2.020767144899542
-3.1329344555758336
-2.9052115873822775
-2.3614708163475315
-1.856527136529274
-1.8369282545857226
-1.8605553552058454
-1.8877442130992415
-2.264495042439437
-2.2778138496969165
-2.9312542486226647
-2.6423987066221373
-2.1572147339760672
-2.9630845056896336
-3.066814128462317
-3.04591558367416
-2.8807688121814143
-2.8022671134267787
-2.4584966665546784
-2.6233524603599534
-2.4027196454994897
-2.141124982954391
-2.377596469145268
-2.0047139545666877
-1.8764212663559654
-3.0419436434569933
-2.715223748586909
-1.994308588249008
-2.4292569853622776
-2.2051229321907333
-2.4051507709797137
-2.7539064918514127
-2.450134728220616
-2.123732346730475
-2.8191408100304
-2.9244990337115224
-2.8346845345604184
-1.9677214695043863
-1.5775548274715665
-1.4522428218263719
-2.7728642952924814
-2.7335761687389706
-2.655963859082219
-2.237966264515866
-2.3454808126889803
-2.5934936657728507
-2.372429520117238
-2.09392985517312
-1.8181843040388475
-2.0225537782630014
-2.214339724205935
-2.279779637427529
-3.2045790203395654
-3.048601507373454
-2.8198379054344134
-2.2163963082890676
-2.5705067974293794
-2.9051532539876512
-2.3742724110951174
-1.7902864506149965
-1.4705854565120193
-3.074634521621362
-2.7670910815426457
-2.7304426131487705
-2.888970486477049
-2.841521089173609
-3.0091904379281127
-0.3161599710270612
-0.8436719628829166
-1.110908410519365
-3.429716107068091
-3.3465707221064642
-2.987176650995671
-2.7206426869546885
-2.243276565091144
-1.7758858779836304
-2.310108230187203
-2.06434140988295
-1.9488934653015422
-3.00204859109946
-2.941113476392859
-2.372520174955274
-2.195005529749717
-2.364997619140769
-2.5193246729183008
-2.2621413542367232
-1.7526221567404354
-1.3547221990174068
-2.314060819203204
-2.44440218752015
-2.8479375119708648
-2.841805448125454
-2.829849920950846
-2.7309536908626173
-1.5598460837815735
-1.0829547110127227
-0.759166103878687
-1.0447156834121423
-0.7406034708974516
-0.7201434474012857
-2.3859452022213077
-2.0662312646835486
-1.7114968862174578
-1.9739593145375336
-1.893677881030289
-2.072465770403411
-3.1065125041662878
-2.656303731160025
-1.9808133602712525
-3.1817230820816276
-3.2539392725326066
-2.79085490709533
-3.086011118557023
-3.0495575879514916
-2.872367755605216
-2.017617856395595
-1.9725643326265274
-2.1313471722045922
-2.816176643521867
-2.677206567564974
-2.403362927637989
-2.5549925820261272
-2.190800456001284
-1.9676142506444614
-2.959029224532978
-2.9518210190923693
-2.773724361010623
-3.101005337316251
-3.276446904136976
-3.310507146386496
-2.055097972701569
-1.7626570510663708
-1.298184487474169
-2.911183105630338
-2.5191651055987427
-2.4438500682643505
-2.3857370145463754
-1.9838604316241195
-1.5366559427223285
-2.3685213721305383
-2.2417448368014115
-2.0947554550598175
-2.1557928951496073
-1.959665638426146
-1.8049251270801432
-3.004599699204761
-2.653004729737889
-2.4398692164721445
-1.9944469819469663
-2.2327474204353384
-2.598025739869562
-2.1423957063585286
-1.7326325696889464
-1.4369885372505502
-2.4898042987794167
-2.000238205289474
-1.8649425820214665
-2.4448397755685205
-2.2234147927175454
-1.9536470607691923
-2.206438999683873
-2.2733237009011544
-2.595435176281368
-2.3343212626787624
-2.3887158168239035
-2.2101803069256896
-0.800737686127535
-0.46140922577246335
-0.20114266980668305
-0.9398348141228061
-0.6377929174552734
-0.3657167170095528
-2.504717504113514
-2.4593596673118414
-2.571791836213033
-2.7807663795996884
-2.6284214328770066
-2.3011897067927265
-3.3744850438976544
-3.3962832388927
-3.2758508097086834
-1.1104149826374932
-0.8950556965736114
-0.8883011055559437
-2.108357551842107
-1.464089484873532
-0.9996589779473213
-0.981617724991015
-1.118931516733977
-1.5014155746117483
0.4359544984455658
0.14052719188563242
-0.2994070017262125
-1.2794441289262484
-1.5186537827473492
-1.6789977649475452
-1.3641668246032919
-1.3883343107222634
-1.3266119296426728
-1.5382558934277495
-1.8396660934175917
-2.014298043841612
-0.21693041056875922
-0.27992639511244716
-0.2717093646942707
-0.3817374923081317
-0.37124029116211366
-0.5020835494210419
-2.2121938696553163
-2.3898074050236016
-2.698011783358137
-2.3417293413117406
-2.3282961155415465
-2.131407316465074
-0.98711786498624
-0.8518788571710254
-0.9915845273040859
-0.17323673033460962
-0.2003083678920028
-0.27815054853213633
-0.9509614891742437
-0.8089083258270724
-0.7668657280244311
-0.4758627722100952
-0.25158554659996035
-0.012853660858320737
-1.1989030837143577
-1.3452701748152418
-1.2244897767001783
-0.18577768272312228
-0.11449744058117056
-0.14791781562974426
-1.2226084214296429
-1.2320294716556632
-1.326702680145926
-1.5277799153565659
-1.4948381146700238
-1.3275223277090704
-0.15439667960472642
-0.5676635497942356
-0.9438001696052882
-1.0879503474671168
-1.2430608895742972
-1.4042932421924315
-1.1985793419459412
-1.3822185714326007
-1.4514435056738202
-0.8750161127182271
-0.6424173708139662
-0.49127647591389884
-1.4654719306541495
-1.4159794947042788
-1.2954282035010052
-0.9208682418445765
-0.8873992036941002
-0.8506132757395286
-0.3037300617215085
-0.6144030798024173
-1.006291404180618
-1.6769335373141319
-1.8184931771423727
-1.905748185782691
-0.42390601688943497
-0.368057911212007
-0.2014328706730966
-0.4688318110454366
-0.34909469260414216
-0.28124464523865805
-0.9706204007785965
-1.5990677980216281
-2.147799214697791
-1.6725590353316273
-1.7520160499637618
-1.6430422254088108
-0.8622272947503047
-1.274652409507621
-1.4788338053322976
-0.81433340377624
-0.7742469312832622
-0.6022242993399485
-1.1329234678752012
-1.1582981460643476
-1.1984947477679468
-1.0150733578908537
-0.7772160157319428
-0.7940453695623357
-1.2426499297033966
-1.251325948547
-1.4737555324786547
-1.4134875548874846
-1.7012131695657362
-2.0211441731869724
-0.9957171491801737
-1.275095916414552
-1.2125106889185333
-1.090095414439781
-1.110808902257114
-1.4050385668510235
-0.11072472688854261
-0.1760075290492687
-0.226173202407809
-0.824284066238956
-0.48740700077478843
-0.2723681803082938
-2.0949652570260993
-2.3510105824875236
-2.338288159349335
-0.7238174356135724
-0.7389351783315359
-0.841804036773929
-1.1463108161471793
-1.075839352058631
-0.9364844346843537
-0.9024564984625301
-1.1187136608057922
-1.4694522635974314
-1.9165965762615462
-1.832468627222147
-1.7987238508823948
-2.0017695723483877
-2.1124609177319242
-2.021433410842024
-0.7856317509750288
-1.1396195850260578
-1.607312142557095
-1.4903256106165563
-1.4099525412761391
-1.2271388293830867
-0.9265960461335108
-0.3394820876755979
-0.07826831043057947
-0.9972738582171606
-1.1294074500721187
-1.1226517436848815
-1.4803209747156219
-1.7389419334970124
-1.6782245445272057
-1.7696962343370153
-1.863290284819718
-2.377709235404049
-1.6917015785793001
-1.6224943808472752
-1.4828906708670744
-0.8262216567984935
-1.043746560850556
-1.4710209016163678
-1.2081006947917206
-1.618594236007296
-2.1132819037103827
-1.9425397791472443
-1.825254814380537
-1.815577118835678
-1.118583909406402
-1.075338931600045
-1.1803565973098082
-2.0465587331813877
-2.1569787793612543
-1.8576497366484572
-1.4387818698295542
-1.8493061762291676
-2.0510338758332494
-2.0878677942258155
-2.063915833389107
-1.9996940747856236
-0.6804607850719773
-0.5548490325113148
-0.5332415719591153
-0.6439205389695533
-0.4955020411106612
-0.22261940521181256
-0.7611150580435592
-0.6444802103241319
-0.6748265544984957
-1.3680181658871209
-1.631267074389098
-1.9607431377302444
-1.1562966177083167
-1.0357161643736035
-0.7153091383812398
-1.6461213851930434
-1.7870160204733465
-1.725424491895731
-0.9383540365139892
-1.095337662649631
-1.26914511725569
-0.894624899922976
-0.926801610695571
-1.0014858850318102
-1.446557543390118
-1.4450440981121708
-1.2098893741754924
-1.6163466141648541
-1.5711047291587956
-1.5059388123509359
-0.8796067237800423
-1.0064522717162516
-1.1598648686657558
-2.2320563242907494
-2.1677290223323538
-1.9252360067981067
-1.2328687809002221
-1.1545598328530682
-1.0113829518905326
-1.7363937603874562
-1.4789040846630714
-1.1364931343402085
-1.8182731630788362
-1.892912636861164
-1.7216387620998022
-1.6014994314642015
-1.5623228114787149
-1.4990106635176768
-1.310012009167385
-1.404100906490382
-1.7093466189003501
-1.0068079643744203
-0.7803440051455215
-0.5508142111263922
-0.6168091203531078
-0.7208501006039271
-0.7514412959796125
-1.2157634409046352
-1.5197851978787202
-2.09085380318845
-0.3341388793101354
-0.4363864546003958
-0.5417679759545312
-0.6227152455925626
-0.5206771471526208
-0.41078064191643165
-1.0900158227855983
-0.9189690167478126
-0.9296003999401716
-0.1781322319341511
-0.2416656334165467
-0.42542077045047516
-0.6698527495809352
-0.6542966717000243
-0.609021960953389
-1.1750081456321086
-0.9057054390528031
-0.7006668249601604
-1.1590622354302924
-0.7326053459684969
-0.629266596751414
-0.40804070236817314
-0.7903831753863961
-1.123064757918034
-1.3504986706137987
-1.1786891702924502
-0.8806962488427494
-0.9397460617676763
-0.9392407257406663
-1.1556916963885522
-1.6507674969829793
-1.6318110626419668
-1.6817430170722631
-1.7754468671737655
-1.8079905918833077
-1.9486699378900296
-0.702536176972538
-0.7971137438130697
-0.8951267680217052
-2.509711581478658
-2.436445630226274
-2.3581536769730453
-0.9647377262168608
-1.0928965252183414
-1.1642519779713787
-1.0893063071552365
-1.5658092856744392
-1.886705236516936
-2.0821530511182007
-2.4273798770056527
-2.6478188449459137
-1.9753725297378093
-2.207033478883858
-2.3746660789963374
-1.9603409184149359
-1.9684232419941163
-1.5610537370590678
-0.5001813602573569
-0.610487014427849
-0.7924929833365917
-0.6329282776122095
-0.6243747057414543
-0.5004656890200425
-1.1717580500232554
-0.9341326965412811
-0.7723127336895095
-1.2417557390114555
-1.6009779640829378
-2.204806268861277
-0.47446537896788316
-0.06164783809204705
0.18299617987891376
-0.9816179741828177
-1.1189315007385334
-1.501415570969281
0.4359543308220747
0.14052764449685776
-0.299407151922862
-1.2794440483770697
-1.5186537872430659
-1.6789977359419517
-1.3641663138681799
-1.3883339386659004
-1.3266125471105743
-1.5382559522908723
-1.8396660704630436
-2.014298186996904
-0.21693025735491858
-0.2799261265203268
-0.27170921274730847
-0.3817374793194185
-0.3712400786850062
-0.5020834549079007
-2.212193843466057
-2.389807536273501
-2.6980117026188446
-2.3417281923948012
-2.328295737223446
-2.1314083737686973
-0.9871179330993598
-0.8518786251914839
-0.9915844339379021
-0.17323628967764404
-0.20030825799734847
-0.2781503379588281
-0.9509614477105341
-0.8089084740605835
-0.7668655780318572
-0.47586341898479845
-0.25158453679803966
-0.012853493427132379
-1.1989036252494125
-1.3452701606915998
-1.2244899314253637
-0.1857778243354472
-0.11449760313739193
-0.1479179762818068
-1.2226082071758253
-1.2320299781963466
-1.3267026204681756
-1.5277797090534586
-1.494837324800379
-1.3275223601587745
-0.15439667850627745
-0.5676632981634309
-0.9437999537584141
-1.0879504907081923
-1.2430610602093375
-1.404293032904405
-1.1985790427034035
-1.382218431897805
-1.4514435147238305
-0.8750160368486428
-0.6424173195896544
-0.49127637914189987
-1.4654719486136063
-1.4159800746216566
-1.295427983779803
-0.9208678451158188
-0.8873991943455649
-0.8506132114571369
-0.30373016834266786
-0.6144031040153354
-1.0062913643355529
-1.6769336557931704
-1.818493237691484
-1.9057481318051004
-0.4239058635972972
-0.3680579928659816
-0.2014327335866987
-0.46883349402272967
-0.349095783395608
-0.2812453374515805
-0.9706200290837661
-1.5990675074301302
-2.1477987951462283
-1.6725603854681599
-1.7520162362015546
-1.643042736847519
-0.8622275583267152
-1.2746525070097177
-1.478833998531325
-0.8143334605636438
-0.7742469474261265
-0.6022243065931908
-1.1329244289822906
-1.1582981555286187
-1.198494434792016
-1.0150739573411236
-0.7772161562097949
-0.7940453815148338
-1.242649816512716
-1.2513265018510453
-1.4737560328066017
-1.4134869833863335
-1.7012129386375043
-2.0211442312667476
-0.9957169922438077
-1.2750958946491724
-1.21251123513284
-1.0900953949754588
-1.1108087681428351
-1.4050385362490885
-0.11072484494036541
-0.17600780848487896
-0.22617316295899337
-0.8242840196916591
-0.4874069932102459
-0.2723681749116882
-2.0949653374314168
-2.3510106057690487
-2.338288201129256
-0.7238172910848886
-0.7389351154476266
-0.8418040714230048
-1.1463107122818494
-1.075839275114199
-0.9364848261410631
-0.9024563360977822
-1.1187138343363763
-1.469452257382317
-1.9165968979821084
-1.832467503657834
-1.7987244402839657
-2.0017676256254378
-2.112458570697915
-2.0214330016356046
-0.7856316671702843
-1.1396195874040005
-1.6073123957994413
-1.490325480448356
-1.4099522676602134
-1.2271384862133918
-0.9265955330612217
-0.33948218740932645
-0.07826836049885388
-0.9972744239043001
-1.129407243718505
-1.1226516647988003
-1.4803200848937195
-1.7389419930889347
-1.6782251209881975
-1.7696961618466909
-1.8632907098317057
-2.377709856717262
-1.6917006816674922
-1.6224942534745272
-1.4828904964978564
-0.82622156689673
-1.043746607835148
-1.4710210067068221
-1.2081000002670215
-1.6185946793811659
-2.1132823478665332
-1.9425397264777216
-1.825254851131481
-1.8155769897146814
-1.1185838590744823
-1.07533879250034
-1.1803571742202275
-2.0465587301555304
-2.156978782497787
-1.8576497271578232
-1.43878287700677
-1.8493045930198253
-2.0510340824002915
-2.0878675873408694
-2.0639157253459106
-1.9996935615891722
-0.680460841823442
-0.5548490315915495
-0.5332407848308041
-0.6439198916331432
-0.4955020928331601
-0.22261966479057688
-0.7611149327006221
-0.6444801363547723
-0.6748267085448145
-1.3680182501696807
-1.6312668555335688
-1.960742986594544
-1.156296627443304
-1.0357161297462287
-0.7153088750242702
-1.6461213240276282
-1.7870159097888636
-1.7254244918680965
-0.9383540916527082
-1.0953371733813406
-1.2691450236933082
-0.8946248162608568
-0.926801587690717
-1.00148578424278
-1.4465574124689637
-1.4450438591743984
-1.2098894540321827
-1.6163463941798137
-1.571104165871836
-1.5059387981737147
-0.8796067674831329
-1.0064522408302707
-1.159864772389878
-2.2320561982878004
-2.167728765574279
-1.9252357234996327
-1.2328688967678594
-1.1545597975721689
-1.011382929023258
-1.736393507819121
-1.4789046590745647
-1.1364931067323314
-1.818273116422176
-1.8929119055707007
-1.7216386887014747
-1.6014987163932022
-1.562322795960665
-1.4990106768988252
-1.3100119871389677
-1.4041009164933251
-1.7093465697913264
-1.0068080819458052
-0.780343097479302
-0.5508134698077131
-0.6168090699909635
-0.7208502942459885
-0.7514413365174711
-1.2157635105178914
-1.5197851466354302
-2.090853727967196
-0.3341385932835449
-0.43638643720137604
-0.5417680565232306
-0.6227150803931687
-0.5206773488652597
-0.4107806239624098
-1.0900156511542898
-0.9189689516872412
-0.9296003165662508
-0.1781322644508423
-0.24166569692609238
-0.4254208104965333
-0.6698523333581925
-0.6542966171573558
-0.6090218945692282
-1.1750087120590336
-0.9057061851417694
-0.7006666216319997
-1.159062095859854
-0.7326052950144573
-0.6292667540560845
-0.40804062400005525
-0.7903831308228938
-1.1230646968488933
-1.3504980387162218
-1.1786883501744199
-0.8806963415450781
-0.9397465055850613
-0.939240423260477
-1.155692828108456
-1.6507673486396843
-1.631811080345607
-1.6817430829482358
-1.7754468621416408
-1.8079906400765715
-1.9486699548402937
-0.7025353487456293
-0.7971128890620419
-0.8951264006676518
-2.5097113738374706
-2.436445690852908
-2.358153484091239
-0.9647377713757788
-1.092897117080646
-1.1642517792890161
-1.0893058598927599
-1.5658084491599502
-1.8867047542556104
-2.082153282120786
-2.427379259227914
-2.6478203034484045
-1.9753726130116025
-2.2070354631464753
-2.374668612151097
-1.9603377792131154
-1.9684229069019932
-1.5610519598763264
-0.5001801361629596
-0.6104867528931879
-0.7924926052567485
-0.6329250981732466
-0.6243712372152482
-0.5004654365461529
-1.171756646679165
-0.9341326558719747
-0.7723126433291727
-1.241755910478663
-1.6009757490363006
-2.2048049012817508
-0.4744653766831559
-0.06164959106054696
0.18299576808433993
-1.8247092076115037
-1.8592335585974265
-2.044340626515165
0.2840636320730836
0.03932364844565618
-0.3947476261536051
-1.6430728334438582
-1.9094213209359094
-2.0722973758957215
-1.8354152385200844
-1.92800684438002
-2.3928802437617973
-1.4276941735597855
-1.7624707350002136
-1.8857639962733148
-0.3952052033888167
-0.3329575820415157
-0.26295235428711
-1.0153446330414932
-0.8144961922443629
-0.8693973800585261
-2.428142367543555
-2.763708065258581
-3.0852485658291258
-2.062002605546967
-2.024224407369419
-1.870950441469914
-0.7513249015070516
-0.6249602079513661
-0.8353982161612621
-0.36404800973625795
-0.3891130004435189
-0.5175269867970257
-1.6696659458070742
-1.3472803656630914
-1.12675989319734
-0.6920879114514771
-0.5893229478359155
-0.4071101642644198
-1.5624651380214845
-1.7057519503453542
-1.5137910804380463
-0.025255595099344733
0.17222929348513297
0.2103022601485812
-2.1284921807037787
-1.9913849888204946
-1.500699046295924
-1.9645029834250967
-2.022394565864854
-1.7802456286282042
-0.9287449258070727
-1.0920654958687241
-1.1655971794961189
-0.8684790412953473
-0.8081469994005921
-0.8296357947902981
-1.2352175519810926
-1.312502180117278
-1.2844448638789494
-1.6452195647902865
-1.4415083775486401
-1.195371847633083
-1.502268762362759
-1.5280994176686666
-1.4855067462218638
-1.05478828974494
-1.0386548234679966
-1.0358154607180325
-0.023746635736137944
-0.07428507975361978
-0.24979371926156715
-1.7438602825255756
-2.1039654152670324
-2.401093240415646
-0.33990448188103467
-0.3908667999271719
-0.3758537706734645
-0.5448504944398439
-0.3728322923785014
-0.32164082951904954
-0.9277947594145126
-1.4198650994666016
-2.0912761743055737
-1.4329819220802347
-1.352153892534576
-1.257598832925586
-1.0359601019470186
-1.2744003590829238
-1.3486525649618724
-0.7911919025474177
-0.7296201585110895
-0.6529489714025478
-1.0666715575031847
-0.9967736250864507
-0.9839361440426919
-0.7959191466305404
-0.5969999933864176
-0.6191808557093639
-1.5204715491263103
-1.5074940707580824
-1.7221430751495463
-1.4203983046287174
-1.6467279704950224
-1.9495700407677803
-0.6948480946466619
-0.8570529131727169
-0.8209888424998306
-0.9592326313336187
-1.0586242873655443
-1.331190564941548
-0.3311936617733959
-0.4246727242274275
-0.4407190887159239
-0.7884111162750349
-0.7515334004981991
-0.6904501223769005
-1.494200951692621
-1.6646063530767963
-1.6156145196429454
-0.7492524411591532
-0.6774343530788216
-0.8027812856521095
-1.243023304878081
-1.1794761741144733
-1.0118964303588092
-1.269132738394908
-1.4280495414386936
-1.7220184138448977
-1.6378391852552499
-1.9768441817389804
-1.870774430635811
-1.800004098969503
-1.899894277795303
-1.8587157313964033
-0.6981265443038859
-1.0370261701256707
-1.51956287759314
-1.5756048030738783
-1.6238194847293916
-1.4853656498657093
-1.0378758127317895
-0.5569502464184823
-0.41237806502384045
-1.4063670789260778
-1.4804572905994677
-1.3331916679552267
-1.28252109291486
-1.1520538605296828
-0.8218833262406557
-1.8056354973689244
-1.7406515315217548
-2.151975451601863
-1.9895393339370968
-1.9882889185121007
-1.903389860050298
-0.5557167949069342
-0.7752966188381522
-1.0662445018919648
-1.5630424052670717
-1.9717520845285161
-2.447759644401112
-1.9499187538631073
-1.580374316317025
-1.4517965019186678
-0.6408741253343706
-0.4947287410002712
-0.4243393943782666
-1.2897810471676108
-1.466132428252682
-1.2733918849334351
-1.6861450171807164
-1.885447524780333
-1.87823816283323
-2.0809575298981797
-2.074896894522731
-2.0436719690755414
-1.1655735634086626
-1.1772107290797256
-1.1089514633198667
0.06391120785330476
0.09052630773597257
0.2185896945428817
-1.0454266095617681
-1.011920866403855
-1.1038209726540633
-1.5733348740780961
-1.8475765727565263
-2.0934692139649935
-1.746282649749685
-1.9306294166717644
-1.8967405271411497
-1.5447914818978574
-1.8040649799409052
-1.8815315143863436
-0.31353631891650524
-0.3700246240254904
-0.3676737502356225
-1.6901681971695808
-1.6265373336949949
-1.5138778459291535
-1.538864784244246
-1.4784679382215873
-1.2292954007699541
-1.328850071997766
-1.6490343581149178
-1.687388312078681
-1.4621866935926107
-1.6011717999455914
-1.567735887378253
-1.9579187666166038
-2.043942856434005
-2.0304393044783287
-1.8063673839234768
-1.5657478084155052
-1.3410939949970286
-1.7760454631717382
-1.6936170425231185
-1.3866841653136253
-2.1561015651601174
-2.1950088377250987
-1.9495646457318379
-1.603850128382564
-1.8493274289172377
-1.9631392596646202
-1.6304858365908377
-1.6652273559808157
-1.9822364110005717
-1.2432055712145076
-1.1147151815861454
-1.0695660378797645
-0.8613351607123505
-0.8947617506310451
-0.8972546153128453
-0.8077358052116506
-1.0335376085228427
-1.5433251760091384
-0.3609073608126069
-0.50288257656156
-0.6443463673233143
-0.5703057826096503
-0.40195414160133797
-0.31188005190855433
-1.3896619605401805
-1.0857017847807344
-1.023862419295853
-0.5112762961334418
-0.5535433217426677
-0.6717182889550684
-0.8975888343367725
-0.865913405732969
-0.8482771928633805
-1.7012410914799456
-1.4832010773165045
-1.1951289586349467
-1.5785860894867874
-0.9965381001182954
-0.7588203705704759
-0.3587906204505355
-0.6321534449249011
-0.8238990734375234
-1.7821706154641568
-1.9256265891435702
-1.9243391042219833
-1.0153683102711444
-1.0848671404672794
-1.3049099323813544
-2.0525684856327913
-2.1613944780557057
-2.290673346900749
-1.98704560027431
-1.8845420392241814
-1.9010439708475873
-0.9280700726501915
-1.0359122385558615
-1.1475067510349122
-2.7527875540259954
-2.275865399848392
-2.1582273992672376
-1.074960655860813
-1.1380661634301794
-1.2116546194228415
-2.005219864149779
-2.247567395876909
-2.452510998394038
-1.7019200494886415
-2.0270793814805415
-2.2224620364648118
-2.155448509554689
-2.3481713305844867
-2.467034726559316
-2.3315976762401736
-2.4695696311769098
-2.1192851919149436
-0.8473767475056166
-0.9452523100758373
-1.021622297046341
-0.774331431436389
-0.793418587135479
-0.7205445468774361
-0.9450793070897754
-0.7985379144952836
-0.8287532287201771
-1.3419616955061495
-1.6903429351304515
-2.2619613495938538
-0.6609937711412035
-0.30187196886912593
-0.05224026750305527
-1.824709436207298
-1.8592336900602018
-2.044341014696693
0.28406375989931243
0.03932359739458187
-0.39474773036202654
-1.643073068681037
-1.909421514172967
-2.0722971988463446
-1.8354153718201598
-1.928006867449541
-2.3928807489603146
-1.4276943371020003
-1.762470485940891
-1.8857637801103886
-0.3952050678762238
-0.33295750219636655
-0.26295211636958093
-1.01534456134166
-0.8144960040449449
-0.8693970402736242
-2.4281423506638893
-2.76370800491997
-3.0852488174084245
-2.062003119047669
-2.02422456605926
-1.870950785234868
-0.7513243905025655
-0.6249595167463469
-0.8353981902340284
-0.36404808703106073
-0.38911299555809065
-0.5175269755787066
-1.669665839193292
-1.3472800316027864
-1.1267594419374865
-0.6920878857396062
-0.5893233228019009
-0.4071104106275203
-1.5624650364266164
-1.7057519096339218
-1.5137910594374002
-0.025255240678094502
0.17222928530476836
0.21030199979642972
-2.1284912850161
-1.9913850282609251
-1.5006989314127828
-1.964503776625697
-2.0223948484998875
-1.7802449541045706
-0.9287449550055042
-1.0920654827742686
-1.1655972145510043
-0.8684789244367941
-0.8081473632751466
-0.8296346861493882
-1.2352174902372977
-1.3125022678348424
-1.2844447266078027
-1.64521927111769
-1.4415090663265886
-1.195373064498003
-1.5022688473084043
-1.5280994234202372
-1.4855066778944204
-1.054788763981367
-1.0386546789215578
-1.0358145426765106
-0.02374685429669951
-0.07428511791806791
-0.24979358109512093
-1.743860634950406
-2.1039658490282855
-2.4010934740821908
-0.33990448874146134
-0.39086687667577574
-0.37585379686702797
-0.5448503682716082
-0.37283214498772227
-0.3216408151378427
-0.9277943081077729
-1.419865094108818
-2.091275993153868
-1.4329818446724212
-1.352153773171967
-1.257598717823818
-1.0359602070575868
-1.2744006627694133
-1.348652366908028
-0.7911922620646894
-0.7296203864694258
-0.6529498994571992
-1.0666712960228848
-0.9967733240769825
-0.9839352760859899
-0.7959199287584299
-0.5970001750450846
-0.6191810724763059
-1.5204713089634723
-1.507493920186387
-1.7221428511170649
-1.4203984391573692
-1.6467281835738863
-1.9495691638541368
-0.6948480380630345
-0.857053218816342
-0.820989483558906
-0.9592328193060122
-1.0586240727037044
-1.3311901410713292
-0.33119351174125755
-0.4246727138015416
-0.44071910398495306
-0.7884109928241565
-0.751532769852239
-0.6904499069919222
-1.4942010988192758
-1.6646070058799576
-1.615614729787088
-0.749252461203324
-0.6774344595699431
-0.802781184609566
-1.24302323697469
-1.1794763309042833
-1.0118965990857434
-1.2691328899034424
-1.4280495022013784
-1.7220183041585577
-1.6378389940692502
-1.9768427119104515
-1.8707741063067127
-1.8000037994133722
-1.8998943033343823
-1.8587146372939753
-0.6981268092921732
-1.0370263006336942
-1.5195628708873525
-1.5756049290226901
-1.6238194869878357
-1.4853646580906945
-1.0378759663635702
-0.5569493397945539
-0.41237774169843106
-1.4063667082841693
-1.4804568457533476
-1.3331916610089782
-1.2825218997628376
-1.1520539690498732
-0.8218832656321076
-1.8056354962070496
-1.7406516936438514
-2.1519756930510976
-1.989539868442434
-1.988290048593361
-1.9033902292091776
-0.5557166270386019
-0.7752956510324787
-1.0662444702456553
-1.5630416537447842
-1.9717510121327537
-2.4477584014697857
-1.9499185903532221
-1.5803738628710273
-1.4517961157282508
-0.6408742675756318
-0.49472919432902995
-0.42433943765130533
-1.2897810731095305
-1.4661324408846452
-1.2733918381643103
-1.686144713386847
-1.8854477955334867
-1.8782387667341902
-2.080956025465408
-2.0748961421226455
-2.0436715460864416
-1.1655735419081097
-1.1772113070759083
-1.1089516452943158
0.0639113260193293
0.09052649556818705
0.21858973111750513
-1.0454267607212022
-1.0119211165392448
-1.1038210933341086
-1.5733343606944263
-1.8475761693037658
-2.0934689141439873
-1.7462826382226408
-1.930628516010739
-1.8967401544885933
-1.5447914518602526
-1.8040646745125097
-1.8815310993094922
-0.3135362041737495
-0.37002498840265124
-0.36767389231875347
-1.6901680839363582
-1.6265372107898821
-1.5138775458209628
-1.5388647841136933
-1.4784680478731156
-1.2292955498874223
-1.3288499738584534
-1.6490346522307975
-1.6873896336601428
-1.4621867763980991
-1.6011718772215113
-1.5677363429565347
-1.957918255500887
-2.0439427464572253
-2.0304395926981402
-1.806366637078308
-1.5657474832516707
-1.3410932666130067
-1.7760455190565387
-1.6936165445237716
-1.386684116259656
-2.156100730150739
-2.1950080316573093
-1.9495650241818039
-1.603850167668055
-1.8493273021931564
-1.9631392584175729
-1.6304857547794218
-1.6652271698692207
-1.982236384483162
-1.2432055270122162
-1.1147150482042592
-1.0695661111077195
-0.8613349268638837
-0.8947615813252574
-0.8972545113005653
-0.8077358659362864
-1.0335376431723324
-1.5433250793686413
-0.36090787729478013
-0.5028828668238731
-0.6443464828982222
-0.5703062209110003
-0.4019541893616424
-0.3118801860613053
-1.3896624611176274
-1.0857017759922218
-1.0238623175477055
-0.5112757321320791
-0.5535431075892798
-0.6717179634130832
-0.8975887308935739
-0.8659132906552857
-0.8482771394476413
-1.7012409803730724
-1.4832009993314024
-1.1951291257255277
-1.578585597651664
-0.9965380650360577
-0.758820139325022
-0.35879058567881233
-0.6321539677498009
-0.8238992421327376
-1.7821703967892573
-1.92562618244997
-1.9243387485212478
-1.0153674537427158
-1.084866509653951
-1.3049093981837139
-2.0525683776006827
-2.1613944174804174
-2.2906726350280797
-1.9870451208772932
-1.8845416160339188
-1.9010436276075682
-0.9280697693292422
-1.0359118191415797
-1.1475063860484518
-2.7527873474682263
-2.275865038190685
-2.158227027788429
-1.0749606359709765
-1.1380663275651466
-1.2116547479392812
-2.0052194295772394
-2.2475670670631938
-2.4525109466352326
-1.7019199460848469
-2.0270790961920895
-2.2224618974511365
-2.1554483554972363
-2.348171173942858
-2.4670346738508098
-2.331597535099247
-2.469569723768798
-2.1192846041780378
-0.8473767524899792
-0.9452521695039768
-1.0216222115080005
-0.7743311685192351
-0.7934182771436259
-0.7205444737197487
-0.9450789472776213
-0.798536755538312
-0.8287528013866046
-1.3419614822478538
-1.690342680210025
-2.261960334234381
-0.6609935292124134
-0.3018719802475694
-0.052240343170369186
*
-2.4027575281774323
-2.1814439179213734
-1.880350448384481
-2.673836752737058
-2.3057802720117198
-1.9265438139683462
-2.495329990264561
-2.651451059855594
-2.7869391629727716
-1.0137900307973262
-0.714638250626388
-0.5279423340502549
-1.5885388135582168
-1.6203370038159757
-1.4395989337706858
-2.308965679312096
-1.9664866406676111
-1.6423904489771852
-2.045377139266408
-1.8219201934225995
-1.7400749609144288
-2.446732157978427
-2.612719987322187
-2.700126963394019
-3.2155075598661553
-2.75317637921287
-2.219706881503809
-2.2826284141072586
-1.963217783924084
-1.738692704042863
-1.2346831551757766
-1.233802940079547
-1.1909720347334702
-3.3102891065439426
-3.094588599965088
-2.7211727623457795
-1.9025460564396892
-1.9715405182143413
-1.8399196774915447
-1.511966748196287
-1.2536720109271644
-1.466618171341747
-1.098604518924767
-1.111642952950199
-1.0787371367928689
-1.302943321110523
-1.3977205823336376
-1.6099171847411418
-2.4169577759773695
-2.4607480461904334
-1.8632378707081005
-1.4566331319061918
-1.2037115117133896
-0.9519777199919821
-1.2739114451434121
-1.3615648791332051
-1.3823767169634429
-0.5827152974820775
-0.27145930030707444
-0.1290772880808667
-2.87890370080365
-2.3948147711022525
-1.6150798477119972
-1.4234094518600613
-1.366183650870919
-1.202447423192705
-1.926236462314825
-1.6997062323091299
-1.5128410910241699
-0.6393517742727843
-0.5957820540796874
-0.7295482598421239
-1.4632420507429131
-1.461630006582368
-1.6133527781259858
-1.258339340546001
-1.1540744209176712
-1.1383061008457946
-1.8989733907158795
-2.3699363371248108
-2.3889149854861618
-2.2121882852974415
-2.2582326738027607
-2.453400354240508
-0.6637915397978598
0.14295366620011962
0.6326903060150612
-2.215516386188499
-2.6625975298408
-2.3087013069826745
-1.7258952065259512
-1.3677832162891774
-1.2063079044360283
-2.261679105702105
-2.467499016577024
-2.6068175497709274
-1.3575587853848565
-1.3211409191785684
-1.466729328893749
-2.8091180576941066
-2.909516156881929
-3.028900494406001
-2.4113029587726658
-2.153033938869529
-2.140861388292356
-1.982723339960374
-1.937695720317429
-1.747333899933693
-2.6623150263675495
-2.424937472038839
-2.028853669305142
-2.4278307733511566
-2.2737554237968607
-1.9958439541303092
-1.7903449491293677
-2.342521703498295
-2.6012901407191213
-1.9961681027543734
-1.647056600467333
-1.2835300952197097
-1.7608138984116724
-1.4024322135438791
-1.0512995219555066
-2.568619727057932
-2.0261451448180168
-1.6038716989119675
-1.0013841351645227
-0.8430883137579506
-0.8714145541888573
-1.3047717558054595
-1.432194888631897
-1.4297614999573551
-2.08280877710163
-2.0836225179243146
-2.1868993210724605
-2.7651826129778727
-2.5620162974331038
-2.4757823957724834
-1.7278736473014549
-1.6902438313925314
-1.661399212560624
-1.6395592179690914
-1.6178238854293512
-1.2340183814698575
-2.253338235523654
-1.9123980163456593
-1.6561314132412064
-1.8471963036695023
-1.685467805495268
-1.2420558912762891
-1.7220042927163788
-1.4673287037709333
-1.2122295555502858
-1.951787569230019
-1.9500777699392993
-1.745030581386293
-1.0471843919444201
-1.3556180323766167
-1.6250388467990193
-1.5404414033810205
-1.4067763870492112
-1.6569515644594217
-1.5886287832874888
-1.5466884941572263
-1.6463423393325827
-2.005614401215193
-1.7264627020686527
-1.64813423449502
-1.3548960647266861
-0.8621658522253612
-0.4140258978188668
-1.2894761601849276
-1.5738278306377098
-1.8264759329071465
-2.894219136901063
-2.8965417828837916
-2.8423159368733173
-2.001021019553389
-2.1356164747229895
-2.2416343731953052
-1.6247991248737197
-1.7045067922013153
-1.5845401365748573
-3.392431862518187
-3.2474426911341805
-2.9022200160574103
-3.5054941927785572
-3.1055798306869704
-3.029020212073317
0.2707697261781633
-0.3849744235352031
-1.0375686091537335
-3.3471582739777364
-2.860190692006093
-2.6543154205026442
-1.7774109239508205
-1.4472972173377685
-1.3836959367430848
-1.9198257652349144
-2.003662187761882
-1.8486681207168756
-1.7478649163851627
-1.3822355468958414
-1.025208900298872
-2.5609589953856897
-1.9936052826940194
-1.548678878584445
-2.8183375659584033
-2.4614227656116086
-2.0107061467871046
-2.3285868472817395
-1.8970524799116282
-1.6587310855434148
-2.1916195472753057
-2.160301293711629
-2.1589315021034343
-1.7021323931880952
-1.5215603550573036
-1.2885196636257024
-1.8228132250604405
-1.408489074598959
-1.1334006613916614
-1.4600176450090037
-1.4321427726280602
-1.2984634637718209
-1.570575619187454
-1.2424057472485595
-0.9321171603471292
-1.8750381842792576
-1.7297584917359887
-1.3988852295938625
-2.2388941541107936
-2.6025158913755044
-2.4182747053305698
-3.0460868929261578
-3.0692278342421595
-2.1891497609887707
-1.5580505175177972
-1.490569500022905
-1.4527992145587976
-0.9683113643213532
-1.0585372418717145
-1.128046573834021
-1.3121224317087086
-1.2386077799786
-1.2825809738735174
-1.7695492807554754
-1.9031544833123615
-1.7469382165929568
-2.4634056391324846
-2.2206890473409473
-2.204918693299928
-1.384754065881706
-1.4476972070756187
-1.5353904494162494
-1.4609312197923046
-1.6704458865329477
-1.980601266839273
-1.6519022649428896
-1.2901976991034727
-1.003690307082071
-2.105245270375539
-2.0780218355655977
-1.876591275407786
-2.490778841270239
-1.883159734058481
-1.2348983627284231
-1.5640686654747147
-1.2490439307696266
-1.0947097056268744
-2.624907892143307
-2.340198940896883
-2.0298533791557625
-1.859553467317244
-1.532142403667557
-1.2263304421959793
-2.7510991737853185
-2.5177622163152273
-2.3707639998075245
-1.5080770011208289
-1.340121194446111
-1.1767203799102925
-1.6862700541442297
-2.0421425417657915
-2.0873845013747605
-1.8097760363016728
-2.0993581535252654
-2.0018675624098563
-0.01091202081701903
0.22843734377927327
0.39238017267228553
-0.8497862911457054
-0.5000857663197984
-0.3521636275847735
-2.0737972755099405
-2.233153634952096
-2.391460814157261
-2.4991491702359885
-2.423462315935116
-2.249201233903997
-2.1108844182009174
-1.9879651804415759
-1.8976388900549481
-1.0613737037367816
-0.9690381512873824
-0.8559777831953539
-1.0869814028809757
-0.7363806949570109
-0.46020875511872167
-1.7746739341338054
-1.632145742333116
-1.581480305045184
-1.1933605544101218
-0.8490508106689452
-0.5746605938501799
-2.0828913925376957
-1.9436998839326178
-1.930618805829964
-0.15967468796752687
-0.06089257821513311
0.06060522182693606
-0.7896165618029152
-0.7659501530829436
-0.5351103374382501
-1.5364448309411345
-1.188258845534341
-1.000302297044079
-1.2050242216347884
-0.9511403733572779
-0.8823135237088203
-2.1165070973420366
-2.2627066492018924
-2.254729490246701
-2.5869388323820584
-2.517546153421749
-2.2001417607467575
-1.3991479636129351
-1.1844945813230776
-1.092656644440757
-0.5446459311126208
-0.3748323265304917
-0.13992554333545895
-2.304710234065798
-2.1894103493606516
-2.2443161962397284
-1.0540582125679152
-1.2566979821921285
-1.2362831334211064
-1.0198963158797483
-0.7187333738016862
-0.5032544383656764
-0.7059046093680477
-0.7522789851627366
-0.7155273033330929
-0.8241480366195499
-0.5588215039098203
-0.5425404068436733
-1.9192066436193382
-1.3560315125492344
-0.8545602909764948
-0.8392483720395635
-0.6713693719462398
-0.40422335882145966
-0.4583081406059587
-0.30680639551561184
-0.16207358326951227
-0.06170956729925042
0.27767381667536734
0.46485074877395866
-2.323860851595838
-1.7832128862127998
-1.41671717891767
-0.5319654235500328
-0.24833993369933022
0.010440247987315798
-1.1926212994088536
-1.010572642202768
-0.8646181615854363
-0.34903151289114054
-0.18199825542357556
-0.1993044451668155
-1.523813552034309
-1.728965534447902
-1.7967754398054057
-0.4168600142266211
-0.2789258544655681
-0.21387427362932887
-1.5451053668908765
-1.4100525836247293
-1.2912238842296744
-2.068887734035441
-1.7687946858660353
-1.428108998145884
0.119595891961646
0.7433379278238537
1.1408828244820028
-1.3189254142225593
-1.2495164189996686
-0.956512663202608
-1.2207256856926854
-1.1899763928052447
-1.0934077307241248
-1.2224974496437717
-1.5506699032687474
-1.715572775514494
-1.0460896237781667
-1.162838343997217
-1.0905834545135438
-2.235961294986328
-2.394910551913929
-2.480176304450332
-1.6139677511471788
-1.279473436906298
-1.2287874596521076
-1.2835004878586789
-1.1091520168935594
-0.8811145381715257
-1.2507919885511125
-1.2352014484987845
-1.2233013808706081
-1.1100282246211337
-1.4718583350126044
-1.404023058599003
-1.0235182306255919
-1.3281409524081131
-1.7669462897387738
-1.057226586916254
-0.7826448267196262
-0.5297564537933108
-1.2769516137307662
-0.9054176315563571
-0.49026220041805135
-1.7813661733645882
-1.1435974778550273
-0.6017226174285393
-0.18420386787548262
-0.2376064710627654
-0.3618101821489707
-0.5674573433594612
-0.47814779619366576
-0.2556917358480101
-1.0189191789044816
-1.3495040179011384
-1.566206337443429
-2.354077393996761
-2.2708438882338715
-2.227585855447952
-1.2175020306925863
-1.033279868442171
-0.9049378000731938
-0.7097898050214788
-0.7867569474583367
-0.8180939098991831
-1.9422684201137965
-1.599976252882157
-1.517014856389217
-0.9955426806583203
-0.831464237921349
-0.5602767161632721
-1.3273860343390733
-1.0059628769313722
-0.8572792552398039
-1.5081763122000595
-0.9834262615430138
-0.6018497660126295
-0.8640658363183974
-0.8344266694000635
-0.7407926054609938
-0.4499454741983782
-0.37853527681786436
-0.5721294428786338
-0.7736012838793455
-0.7154009458950269
-0.6132117885219155
-1.691183010430743
-1.3606458988930965
-0.9475448895462733
-0.6200739906463855
-0.26746688437159805
0.16648385844471353
-1.0300249516071391
-0.963187768084729
-1.021117283199145
-2.268547344993934
-1.9896376168006293
-1.970681362308714
-1.150435564904945
-1.333845439748232
-1.7102104300840555
-1.2857513771787694
-1.2840011880612563
-1.1509427411963582
-3.06465049626072
-2.9851341923038346
-2.2324360576098456
-2.630144172280307
-2.418892606984282
-2.3946347720693044
0.46469042772622093
-0.16229666175608337
-0.7486449158077486
-3.0655312267459958
-2.638902576576673
-2.069659700821983
-1.272338343743839
-0.87673888718492
-0.6710195641415327
-0.8032941651174021
-0.6949822662925158
-0.6928875201867544
-1.035199485291903
-1.135324334337448
-0.9673437009476846
-1.184462894263538
-1.0574590293424149
-1.1109971118304296
-1.7801936677020063
-1.4726681486572488
-1.2131331881356309
-1.9334711607602626
-1.6895409054370054
-1.5514440917570378
-1.6409979697366937
-1.4137585764366807
-1.1757617376970781
-1.0355668024021332
-0.6967467533086047
-0.37199400844160607
-1.567902984235642
-1.1316978187609474
-0.8496226444319006
-0.11885504657798551
-0.13270968219629303
-0.19949656048699316
-0.5696796588279487
-0.36109902455868254
-0.1231757720317877
-1.0951012642695432
-0.9493499532476956
-0.5714979147552918
-2.2014450028375823
-2.112897486114991
-1.7923336643160526
-2.15104606812712
-1.5866315274326361
-1.144814234029338
-1.020459531467886
-1.310380062594468
-1.6310008232599413
-0.6693231516854765
-0.7897569758254561
-0.8783753201813136
-0.7492756018992459
-0.55849987859961
-0.5405384851232504
-0.9476605556120334
-1.051236345184586
-1.1083937693857626
-1.6848075013260115
-1.6291849636648676
-1.6490320333923254
-0.7819869498768395
-0.7903970065736289
-0.7364337786417273
-0.9180604655315956
-0.8177399104837444
-0.8596768627161758
-0.6166083140983046
-0.3824418515510705
-0.15230555458149053
-0.8696239334422085
-0.30255379576309405
0.1328049152817825
-0.7102863662626899
-0.7366915398089924
-0.6486875367153502
-0.9764522759014949
-1.048920802557915
-0.9725231404185437
-1.8186233674075885
-1.6295225498384154
-1.5455379731367587
-0.658855703331877
-0.6608276263732156
-0.7483709528782857
-1.0496011741973565
-0.9933511182900738
-1.0970481011660334
-0.9500242450175354
-0.7428688436545069
-0.5560825821025127
-1.6411509179960801
-1.5827544945748029
-1.3728231648819675
-1.0179452802565536
-1.3102191648289718
-1.4474493140044644
0.792377036103653
0.7721188805715401
0.4971893230514035
-0.3061109906818331
0.16892929962243292
0.4366474727915725
-1.600865619237613
-1.4722982768655117
-1.4934640084516388
-1.2856385139855793
-1.0798423913807522
-0.902494180220996
-1.892052038648584
-1.7132803846297062
-1.6505967517198155
-0.22520151884898176
-0.1789211803963328
-0.22366221345233173
-0.1431323183122214
0.06628121577305468
0.15805559724986606
-1.8286776585011744
-1.704972257280009
-1.7572162947166543
-1.7723452562616657
-1.4984562358199462
-1.271260768842673
-1.9554681493115085
-1.960190303415426
-1.9919215512864599
-1.7421839069868548
-1.4197401105911174
-1.1243578064990352
-0.213569281615337
-0.08554332088274857
-0.09167681064187838
-1.9115210111376566
-1.7883816756269
-1.8919981542730397
-1.250788399247822
-1.3656746752311717
-1.6206912168286223
-2.0758289593308152
-2.1204693171969744
-2.064126775341723
-2.6732169412148807
-2.2656191760489692
-1.747919685187144
-2.1195195739293493
-1.9880981950196641
-1.884622174570652
-1.4333911642790689
-1.1600168870549046
-0.9624562533764576
-3.244834128621519
-3.0356693311020724
-2.693559026280636
-0.9478850703000417
-0.7634082740333961
-0.7966181225873985
-1.6260540403075776
-1.5278452471134263
-1.4258150888721561
-0.9440050578126193
-1.0087353147829488
-0.9188606015098509
-1.1124102693315976
-1.1323868550248273
-1.2359557624236122
-2.5557108486090336
-2.4859191397739124
-2.284876884282397
-1.3552146944216372
-1.3362880340496948
-1.314594024495968
-1.5679478482945275
-1.6991721345071724
-1.8337964884928992
0.036749198917909065
0.3008660339439633
0.40388485774623445
-1.7533935938891738
-1.2755959568301263
-0.7202981142139567
-1.2605060283018217
-1.0678620746450045
-0.7587474819887018
-1.7620116674050141
-1.4590810785530395
-1.2054958890495557
-0.4245995082442228
-0.5040968720754618
-0.6736155889066242
-2.2762334160336586
-2.0892585946453623
-1.846110602226315
-1.008056138046426
-1.0210909390544753
-0.989906389133544
-1.0864427760830286
-1.1490182152061377
-1.200788592040157
-1.4772347003340327
-1.3297114601636375
-1.6082356710228662
-0.43214710137271584
0.05713510541725397
0.38599152986565
-1.8975746716090403
-1.975394982497293
-2.0624025819164338
-1.279699911777401
-1.0695015434505033
-0.8726760803286485
-2.5191900119725794
-2.431821851478339
-2.45226049296682
-1.811647396363702
-2.3075453971509496
-2.6114988347990464
-3.0514976834591403
-2.8705811390469034
-2.8006632199002865
-1.666924139818204
-1.5521530049587657
-1.6878362836188885
-1.153340868652684
-1.0630692640532127
-1.076128363833694
-3.314244763447219
-3.3541392371882797
-3.138229025675485
-1.7691186823541938
-2.3536756358719044
-2.5926683784903806
-2.072580575533233
-2.4849651521237375
-2.6304187269542068
-1.203369051252275
-0.7109015904176869
-0.3660453410766502
-1.5460966948524741
-1.3378490559856853
-1.2621726171293455
-1.8934415169580376
-1.5378433926164532
-1.2730416485943017
-0.8534921160147395
-0.9580941148286307
-1.0426583650234693
-1.0085049301709161
-1.2631515987760271
-1.4000010184498297
-2.6849854746031325
-2.380553232927806
-1.985810613324574
-2.4101991102694287
-2.1764158718021998
-2.1159704812691555
-1.7924617427574698
-1.8390209186278799
-1.7158640881711473
-0.5427277351662491
-0.6558343618791783
-0.834927464304158
-1.530507124509875
-1.171237937045042
-1.0731380939608877
-1.5935107571450366
-1.4805090295730423
-1.3089665167026663
-1.2684268474240934
-1.0848643514531449
-1.0246206696964153
-1.8798376855207255
-1.567721562221256
-1.2357695832883935
-2.0086219101400102
-2.3105115780553964
-2.2938837022601426
-1.288494435839961
-0.9264699868638204
-0.8595534817186379
-1.6523367478051982
-1.3459854775258253
-1.1486279407579245
-1.617094763984222
-1.57668295769014
-1.2867526149450343
-1.5919546696966367
-1.1624730885881687
-0.8612383094619765
-1.1162589772046128
-1.050810519832
-1.0737517493762658
-2.397420299433822
-2.4196422234068433
-2.3027666061934404
-1.4065322341368538
-1.7813104861953186
-2.1290343245026904
-1.8389882301714018
-1.4189110967144647
-1.126389097222052
-3.020722949376596
-3.033952564765568
-2.7827630755472406
-2.545060884301274
-2.110533935098255
-1.7284571231289165
0.6787035057211277
0.21206757157795803
-0.1800285104491576
-2.4092273779560913
-2.173589625240989
-1.9906938685473028
-1.7404884601135213
-1.758528203571373
-1.6520017651728676
-1.333498315750313
-1.4822877284249563
-1.6370095042869446
-1.85864454954611
-1.3861705146628207
-1.1032181008702953
-2.6724714966992
-2.6624517855871455
-2.706111586297875
-1.72829626214414
-1.5287797975079558
-1.4455494649682197
-2.5598129236276597
-2.510196085287873
-2.138955479674855
-1.6611378660470473
-1.8851481256306029
-2.027169748408144
-1.6375796156289293
-1.230867142537305
-0.786121810156285
-0.9929392088985958
-0.7789416258594006
-0.7541451106046602
-0.8428428980171576
-0.8334912130047525
-0.6309742995102084
-0.9927456323351516
-0.8716334386877456
-0.9251932076648881
-1.9338404784792012
-1.8800896473856676
-1.762185151695857
-2.6443099329133455
-2.666485694251718
-2.2376558278407335
-3.0735026158341734
-2.7632524536917895
-2.2369506336196388
-1.71094358631033
-1.668832664378416
-1.383885123980582
-1.8368069967564833
-1.7648240534905146
-1.442328984108218
-1.2908662934176438
-1.1229950308333345
-0.98976775910517
-2.4918113787943663
-2.143481327997025
-1.624132595493835
-1.9920576334688682
-2.218189518049477
-2.19868140151039
-0.9683043985074589
-0.7851277197438059
-0.5357827493260041
-1.2581684557908006
-1.2359567842941188
-1.5528059501922058
-1.1221186665446237
-0.9432991839014722
-0.81178129090246
-2.140399548228228
-1.9946176961886426
-2.013138584452401
-1.6298217400280588
-1.6127259159077623
-1.678859491720145
-1.8063088627124202
-1.6111385455327194
-1.4287162535369018
-1.8432012585032798
-1.574662802663171
-1.4989053190076174
-1.0631762877619775
-0.7575712827612697
-0.5643998168627884
-1.7427404506428341
-1.545588691910869
-1.4427186331454354
-1.5765626625590639
-1.446370523801464
-1.3214645118335164
-2.428784563733871
-2.3902061096768836
-2.5917172321374395
-1.534985226672045
-1.8270749444148748
-1.9107190330886594
0.13786139370831052
0.4356156432098013
0.6008123099814717
-0.5537404147889655
-0.22119581359605
-0.0378708156543206
-1.7004426178841765
-1.6987932519291093
-1.783525924661951
-1.8478567108667068
-1.6771440884590256
-1.6903538045950302
-3.0696338359331414
-3.067549818381476
-2.8751512901487444
-0.3556495181294877
-0.11400061419906804
0.019522921602205978
-0.6910250520491857
-0.38456432359939996
-0.3387395730903637
-1.255195292661069
-1.0544907936016814
-0.7406201569669744
-0.8822152500153665
-0.930826233443705
-0.8418781914026903
-0.7371489771596469
-0.5367815059828424
-0.5122241637806247
-0.5564562459165258
-0.2357344369399637
0.05535534149606569
-0.5864987837321569
-0.564214172200287
-0.24577436241883305
-1.0177321700545883
-0.7220132878320933
-0.4560077982791513
-0.85207625824877
-0.8989599695465713
-0.9570372794315483
-0.6767515108269524
-0.5656183964123629
-0.5165322711617031
-2.40578255514346
-2.1686856990055543
-1.7268549544558995
-0.6739521258623876
-0.7486793363358648
-0.891263130812965
-0.3317702194605487
-0.1766973983148019
-0.01944072528001828
-2.743398623100461
-2.2857057163246166
-2.0850608964424984
-0.27234902957369783
-0.18843164760078185
-0.19197765334649355
-1.0004144403583353
-0.6153113334631101
-0.32316796491190164
-0.3608524322090594
-0.09652055615760245
0.1017352434046797
-0.5453931848962107
-0.5664537190785329
-0.6847193009889361
-1.3489461697038732
-1.0686021408651865
-0.8271180893779465
-1.0702473010753222
-1.1280048114728236
-1.0961954107769567
-0.23841844406621732
-0.23901270674704214
-0.2675896037839099
0.5005378340115103
0.7486305913553181
0.8361607457981353
-1.0958798089296367
-0.7283552575487034
-0.22609251026178845
-0.2017189048610698
-0.027780232187953613
0.08529328340122883
-0.9618664773844743
-0.7375378444368745
-0.627453423596551
-0.0741581780744627
-0.25868447085554347
-0.5394341929677996
-1.2550530381821345
-1.4179758262545339
-1.3241123019376282
-0.38758402322550933
-0.22661758456539166
0.04069169256660575
-1.4464964076648672
-1.3610633764172737
-1.366751725358216
-1.2408292957549254
-1.5661910124543799
-1.6609738014851754
0.41501246037989525
0.8672217373133443
1.1233698566304033
-0.5830976917634175
-0.7187688223065118
-0.6718767830166559
-1.3321728030524107
-1.343471965202582
-1.3057702736685557
-1.4779292920198954
-1.6140948854776496
-1.5986857898546494
-0.6570141459381594
-0.7480008298323463
-1.006354992215188
-1.844789098605565
-2.090691870106948
-2.151599426650304
-0.9775214108545278
-0.9965349343883336
-1.1566640034155855
-0.24385894523119986
-0.3552573218448985
-0.5045997911734859
-2.366685133159272
-2.3303307865776537
-1.9556965799913624
-1.1591367284929242
-1.3622592430018963
-1.6755204873238836
-1.0530201854566905
-1.618483914628258
-1.5614587048846484
-0.28348011978339965
-0.08996437539630485
0.09376772349190496
-0.3129039951876057
-0.28408455974326696
-0.41700435570072014
-1.276220961937236
-1.1990463973102283
-1.205303046563014
-0.52731795905907
-0.6275476837961245
-0.6574181018884492
-0.5960101518515684
-0.629405808272649
-0.6376149274069342
-1.265236093477009
-1.1879149918195662
-1.2669732792142494
-1.465319049154778
-1.9448615877749895
-2.248101544132307
-1.3210716530806617
-1.2397713105688752
-0.9543158505962346
0.1487541409292127
0.214090849933954
0.2987376646601674
-1.1612469344322498
-0.9043953640290205
-0.6926219833926377
-0.6065389001241615
-0.6858706223701032
-0.7513377246619539
-0.9148307080041671
-0.7455432141200377
-0.633985749512302
-0.6034204612719878
-0.306901609060672
-0.11838340779024445
-1.3109514088183498
-1.3968801102072061
-1.453595055038317
-0.4704735254020878
-0.18422076677411767
-0.17092299759510193
-0.4305199214037143
-0.2218647248667567
-0.07930459438572768
-0.972124592192155
-0.7954600071547501
-0.6883934489928328
-1.0053887067480276
-0.6249656393173888
-0.3436249646316706
-0.5149138392382112
-0.5084319800998895
-0.5093597415988534
-1.5309272957342848
-1.3051180350671883
-1.1762487631377188
-0.3720865549220326
-0.5890042158958328
-0.852878848222667
-0.7850345495528183
-0.6137479524105791
-0.4118315301844858
-2.2118780148097934
-2.169204223240685
-2.064044263928608
-1.7868258097245695
-1.6135321948808021
-1.5075639257068243
1.0169270669711143
0.6409315415017681
0.205365570204612
-1.7484997317045279
-1.4092701543353932
-1.1238514284093677
-1.014022225409952
-1.0504031502556508
-1.086998441237297
-1.2640738220054448
-0.8131751761281456
-0.46168728067233555
-0.6923651622252021
-0.5645194642108113
-0.6572862921521259
-1.8913123505357374
-2.224984784025855
-2.414315712741178
-1.1820791139432578
-0.8660733465838821
-0.6558035807386366
-1.6112696739759644
-1.3168829666078001
-1.2345931892313842
-1.0805240568665555
-1.2420443473531306
-1.323054258888234
-0.5528191496735486
-0.2926334028560076
-0.061295737135270645
0.022562240631600727
0.1357995090879508
0.06632933299605448
-0.18796354568580947
-0.047754488430760966
0.1518178875740877
-0.4325420526042234
-0.3225884695202413
-0.1481926454698924
-0.8240974613789027
-0.7220444483289681
-0.3838280431807346
-1.9587631752168773
-1.817086306722672
-1.5351684715754303
-1.2542372465981122
-1.2524641673531325
-1.0761044227014431
-0.554703882477966
-0.5142149007280772
-0.3389999264849168
-1.145849175847789
-1.0653621637171589
-0.8156350953905833
-0.237609682073771
-0.2972734678279327
-0.2586162439546069
-1.2543264395758735
-1.2076418927249883
-0.9260345917417109
-1.102584648699073
-1.1444076965476737
-1.1360868521745184
-0.3048757770833101
-0.11526888831988136
0.10865417940883487
-0.7199568395448182
-0.6700404039256909
-0.6325817263861614
-0.08351438721529003
0.01406804472806894
0.0900129522167703
-0.9862704165509735
-0.7572367276545181
-0.4865126466480405
-0.9353025587735206
-0.5879170146070423
-0.24889777387681566
-0.5830827032892756
-0.6797049638900095
-0.8305043897826967
-1.1460564264992694
-0.7557030608416531
-0.5366324117554458
-0.8723497695616251
-0.5521448899350005
-0.20395893952750666
-0.7217685262472376
-0.2823814874007633
-0.14626368157291075
-0.4173345064479589
-0.3086663458819422
-0.28959695837923444
-1.92877334576111
-1.8504487381355743
-1.4509150276408627
-0.4730498011427223
-0.5225816068884265
-0.6388284870496281
0.36860652498997315
0.7222574285653625
1.0333757404587631
0.283451167288586
0.4682676801952153
0.6889164537027918
-1.039432309687006
-0.9119456602892376
-0.932421912984946
-0.8866753671914771
-0.8794108891494865
-1.2362914455467524
-1.6750569759683231
-1.5087870025687025
-1.2335158446444625
0.07130236035303497
0.15322641960466157
0.16812015876717473
-0.4186480752835715
0.1570201542486172
0.41556152613144454
-1.4006251091497128
-1.3713757879576747
-1.105692483294066
0.6455200940481012
0.39206142404097344
0.16115750934207665
-1.770993183855593
-1.971356065722025
-1.9521276358519364
-0.8209160517366836
-1.110034468793928
-1.3633100078128548
-1.3002989371183196
-1.6371780299331755
-1.6835616933363384
-0.269085126526567
-0.1713931288360716
0.03523505597622245
0.354567262731846
0.22073312659901695
0.03131212891456042
-1.4348784747884873
-1.4501104149609376
-1.614110009710642
-1.7289975463781913
-1.8899610381654095
-1.6811613739475186
-0.4960792905630887
-0.6049414526156529
-0.7642953002987538
-0.12953534103218203
-0.14162794996039685
-0.18834506429343412
-0.8793285490961973
-0.6620759291168383
-0.5339820970003557
-0.3032390306749557
-0.29122343304686127
-0.17565670453567042
-1.0070117461806039
-0.910402070296115
-0.5535646991434308
0.13061793440318895
0.1868584865973239
0.2825672899021757
-0.8480345085380353
-0.764232753752703
-0.6126954609785997
-0.564753516029115
-0.7395211159170465
-0.9539268268391263
-0.19212512030446832
-0.3810695562482969
-0.49117541906301254
-0.5929039227538744
-0.6054573532548355
-0.818014088739183
-0.20076113779386395
-0.12579488326525878
-0.06322408672784599
-0.4615313560571839
-0.25993576907682103
-0.06815260765892212
-1.2501277798436958
-1.4467401349181002
-1.516026923021256
-0.1807352015571379
-0.35394661084864454
-0.547916752184463
0.23336705870054095
0.05777108118732932
-0.1269857435219389
-0.4939944981138998
-0.4458798798327725
-0.45053395142056357
-0.06910326389478622
0.004744789625721446
0.11981502895657681
-0.4353470013271471
-0.39822212986509564
-0.3505490695958153
-0.7932043764914523
-0.8793180339531556
-0.8328086697230217
-1.3185888352174553
-1.0845462178485816
-0.8363894861960182
0.4813013319348983
0.5657698028283167
0.4087043768279752
0.21828415488180775
0.35328606035454824
0.47737247348893325
-0.3612113764260813
-0.43432277617872117
-0.6188915366877157
-0.8162177195018142
-0.7722383848929668
-0.6565370388095185
-1.4422520953104145
-1.451227096879656
-1.2373646645560439
-0.7921626892384939
-0.9173742071661097
-1.3067034617686175
-0.5551127655423935
-0.754180209960578
-0.7006689143970876
-0.3514266141590611
-0.4453654006316199
-0.6917440010554035
0.282568668528295
0.27640400105810986
0.23544356679933007
-0.1055744673756167
0.1193575060367601
0.3793248521098531
-1.1283822303032056
-1.1116402964741856
-1.0983034502035063
-0.812785299212827
-0.89599060447129
-0.8351278672571931
-0.7547857589304241
-0.8849247703651535
-0.8765064089007659
0.251005934878814
0.14556072959259028
0.06235723682178035
-0.7541680882927669
-0.8031599624272927
-0.9229339226425883
-1.3130097784471233
-1.520420847706508
-1.484873115745438
-0.4768320105194763
-0.8686343450788983
-1.4190759298439637
-0.019461484183161182
-0.12638939180311565
-0.13946088439152832
-0.15835180953452666
0.32730399788360737
0.6472744495144522
-0.5634284596809362
-0.37486141091391145
-0.243540675465359
-0.46737841800709756
-0.41373227236224763
-0.29880902497975886
-0.525791224011368
-0.5742331072938167
-0.6886565393403155
-1.3459527089422112
-1.2392231265605247
-1.0457042403086758
-1.1728680809148582
-1.4047349314307152
-1.5859882496038415
-0.805152548167388
-0.5862254418527906
-0.449135628532801
-1.6715079463194846
-1.5961613461296094
-1.5605253403940218
-0.7786762611048508
-0.7107427748259963
-0.5495166299794418
-0.560465995121595
-0.3803597342335037
-0.34169925130152135
-0.3964352554819547
-0.639932895592662
-0.8959169113381763
-1.203061732178837
-1.3535590352736306
-1.4667021285404234
-0.36010543927080496
-0.23653692673575427
-0.10702610674417179
0.5554888639927861
0.49467761270946875
0.3585401355945069
-0.574289695366366
-0.5503027513944474
-0.5654788985336143
-1.4596257949465528
-1.5504352345300512
-1.7371220825368383
-0.3419701512981624
-0.5111266029543177
-0.4766096100823
-0.9805732795279645
-1.084893184117211
-1.1738160081848863
-0.6469049331172521
-0.6924045371407268
-0.634264515708525
-0.044334717357420686
0.009141375552600486
-0.004868011476507866
-1.8696782951744824
-1.505571589606262
-1.1289992262737685
-0.31055959854411086
-0.5804156802983784
-0.8621832819849281
-0.6330894657758476
-0.5123765152934405
-0.5411565220675568
-1.0231076216433599
-0.7411966245485156
-0.5112595614143551
-0.6464115451553237
-0.7848903243932185
-0.6036897631141361
-1.189448479634243
-1.0568965895734248
-0.7458842855997952
-0.48546058262817443
-0.18635849982588393
-0.054788443836638
-0.15548807617213808
-0.012730686880191626
0.12034157408570426
-1.2423300814591545
-1.425323653388038
-1.4010900996812796
-0.5547358102049262
-0.37666791801443456
-0.21887699063613386
-0.13676753894503035
-0.25632077243494694
-0.29122562919042705
-0.32189513700301786
-0.4255399370563949
-0.7687832262068677
0.25345537091355885
0.1418397097279638
-0.038113652429042466
-0.08941609897078079
0.06122176066262743
0.09517271990363871
-0.24530175885366867
-0.21172633468126092
-0.3753443972745478
0.026013070938793847
-0.16843410056264074
-0.27068702922861443
0.1989936716433069
0.1958706757834684
0.2832422606893972
-0.5413830109837754
-0.7686273182769255
-0.8055907832385574
-0.8440077812814158
-0.4978364662425012
-0.18827667010717122
0.34525388595032275
0.2529342775576889
-0.06965049718680438
-0.9622167955050854
-0.9432169722523359
-0.8669087357823484
-0.6372475707742508
-0.6416985103283678
-0.5811835253000446
-1.1026357496078758
-1.0941163033697037
-1.067804863763445
-1.4804488346051015
-1.6069489103781278
-1.8661320588694414
-0.2057497750171256
-0.2614850985814731
-0.30674422221618813
-1.3388311682502865
-1.1247995421237218
-0.8239940495962554
-0.09479496263951913
-0.2556296896754111
-0.405957496560332
-0.6805229816646527
-0.8049946126474925
-0.8421987922451049
-1.68435782771744
-1.821619058673768
-1.9726169416963821
-1.2526721510928711
-1.6523266522214324
-1.9468053526397426
-1.4154685100148403
-1.183038677391293
-0.7643577075100065
-0.4514266832224687
-0.40170911490095657
-0.4250911789203853
-0.5711794129759373
-0.2717344253002162
0.06940625430440756
-0.5419613457274125
-0.4614585072222356
-0.35889860495423365
-0.3417678806637237
-0.4837954364433354
-0.7343868194261499
0.14056797076253683
0.5915866153366233
0.8243737888356317
-0.43471686981363905
-0.5725236656656373
-0.6062603491601404
1.6682749556027032
1.686857913332242
1.4412567591120047
-0.6969779313771518
-0.7659974558147964
-0.7035493586426703
-0.581729229826304
-0.5618179739282402
-0.5593810007717253
-0.9197087578053502
-0.9306246240840059
-0.6815115151031803
0.8400763975383827
0.7563621888742692
0.6318189468857097
1.2474346095344995
0.9837257408096822
0.8265503091617159
-1.3152455033357158
-1.3728859578790327
-1.2712808418236168
-0.8950890952683088
-0.9055109006772689
-0.8462317053298647
0.030233435031000955
0.23041979418185554
0.21830900536478265
0.28530704829438097
0.3412904508242842
0.3507104189238357
0.03862178228200455
0.042410391680962334
0.04903114000391795
-0.0012073393129500287
0.04526212483818545
0.09950599074842614
0.05685202872173553
-0.05525605474483194
0.046010034944817375
0.06196551423921051
0.09227965446819814
0.13259139812969584
0.3711088950743783
0.3487548368226291
0.31358928354577964
-0.971555086418248
-0.9881371783238369
-0.8340029673723702
0.6596548805557381
0.4466591891428888
0.21551357970919205
0.19818171038283816
-0.03510640866338888
-0.3272956620874884
0.012489145599866719
0.028071072387536034
0.14351346366497048
0.4840640974735253
0.6990665825394509
0.7115520182086719
-0.5165687478039142
-0.38398191853239205
-0.11687317640452104
0.0438198350136725
0.17686378873809405
0.31627346702063586
0.9600801148983016
0.8536058906730167
0.6292702886288464
0.09398535462840263
0.03228498382799139
-0.17144212980003035
0.2448532673068609
0.03361552873818563
-0.11302877985507048
-0.41793209745060117
-0.37550353741066433
-0.2905851593176925
-1.041862669951795
-1.1932330190875746
-1.2297405611832868
-0.4649410865366387
-0.5799006145557773
-0.8133468758086485
0.5637024565932394
0.4385397651702
0.2641137075978438
0.7979587222530895
0.7996264601457272
1.0725702183268784
-0.30132394722034944
-0.2640316908966349
-0.1874274350781911
0.30019221073619606
0.21722297189112721
0.11103382933191042
-0.8288623451202628
-0.7686235483572956
-0.6959160349083638
0.22645072395546031
-0.0032550152551128197
-0.2200017492446374
-0.2533410472137566
-0.32703829405246376
-0.2930139581550757
0.04503468753868889
-0.1019938701665905
-0.40659298472434113
0.7502478239383166
0.8777840238324256
1.0474371427787155
-0.01974534154846352
0.23207915406899923
0.48423011391831633
-0.47810102592141474
-0.5432352403049693
-0.4849765004169827
-0.31533146599383083
-0.40013746024172964
-0.26113086733570545
-0.39482561416946227
-0.4678672887879113
-0.47389097937715885
0.4048476903254178
0.4156666988811389
0.47898373750023654
-0.2636939754809797
-0.2182157629193982
-0.3541965449349288
-0.3922896334269512
-0.5838074962358595
-0.6615200821712675
-0.5931754293284027
-0.7966174167534936
-1.0797993948546665
0.413106647920772
0.40870380164661674
0.4187478192545685
1.3939160168859963
1.5841480570807271
1.5649973919920954
0.06761551310282936
0.01625458288881443
-0.052250100148932305
0.5150311727836345
0.5564969689299489
0.4935682894402168
-0.042146940757279455
-0.28067645868547253
-0.6076954989259185
0.08114499208395015
0.10315073889259674
-0.016383134881662764
0.021708581192621146
-0.03177770026637644
-0.14222649326218467
-0.31531556496872665
-0.2818325483799341
-0.30282102584479276
-0.5638383428167097
-0.6574543178151723
-0.8761949314853578
0.44797172268212504
0.509340769058861
0.4977902002507717
-0.7832700837837954
-1.044113071914602
-1.0865346755073282
-0.16337273797984406
-0.09199825591033638
0.021023371952561112
-0.8737249676624167
-0.8137484385023185
-0.6526066452892624
0.31078015351535493
0.6449631795031304
0.7830475153863321
0.6512917547512105
0.513922629445838
0.36486428850927477
0.09694106096004484
0.009568435724538221
-0.091127587315398
-1.4426714544984192
-1.5884278375506806
-1.7223201461614877
-0.054767271124760764
-0.11247623954359015
-0.14474708483441162
-1.0012952912239148
-1.0260037674435531
-0.8716181164541017
-0.3168943432183678
-0.18561693826455444
0.02909431276054007
0.3050752992094811
0.3296810913307113
0.3822072715694385
-0.16009294973195595
0.06287557262112317
0.21983621982813234
-0.028409661176892087
-0.2671717746795249
-0.3310327954139053
0.47452154400337987
0.5016938988921282
0.3042718898231287
-0.33545472397468806
-0.3273209923728564
-0.2574605851164772
-0.48579572668653886
-0.2600783077129176
0.051577483314320605
-0.01938507088583112
0.22717191032292627
0.47361847810139174
0.27474766379677656
0.28318346726478066
0.26744631716805084
0.6509702458276858
0.7578705240541548
0.8780710282173199
-0.9027155560225895
-0.7764826431262453
-0.6567961257652248
0.10907819786811979
0.20593041333633644
0.28520479943159627
0.20034098484566654
0.1875218894611848
0.2548188472777756
0.08917007309854531
-0.3042796727562592
-0.7780663208396288
0.5247035952650495
0.5336663215868728
0.512654184238904
0.2485563219048746
0.35449397747438255
0.41609621185239054
0.8860114315297888
0.6571200532054369
0.2041383647630038
0.6913185980025294
0.5522953313663199
0.23527082505345118
0.7444162796555986
0.6798071273147824
0.64693681420927
-0.10440187290144023
-0.013825181383255114
0.18582677970116618
-0.00592583185703946
0.24549791341674704
0.4959431349153054
0.9396408328142429
0.8942461685866583
0.9164787161997923
0.5464176702669934
0.7704257772905492
0.8726667379199503
-0.047664684153325254
-0.3117374838803949
-0.6775973683362184
-0.6901882371051055
-0.7520135134983337
-0.9274351895140849
-0.853362018826187
-0.692722360670512
-0.5658381307404173
0.7622984147147011
0.6273381343951959
0.3858151758310068
-0.699534405354489
-0.8655592757139292
-1.0871616374909543
0.059309303206899214
0.06132727349857221
0.10050263671241852
-0.621351979084949
-0.9295249024939456
-0.8961988163940167
-0.9957668523623215
-1.0028438498197638
-1.2144643328900857
-1.153874651035328
-1.191199656165358
-1.2012401897652
-1.239951342641231
-0.9447424324601618
-0.5784163639281101
0.13040606077760633
0.13269436368909007
0.13093480434782803
0.32493712774752237
0.581917158671613
0.8057320183875629
0.2483149089614496
0.32975643170908936
0.32981571282289723
-0.06847622875604142
-0.1729761258552328
-0.28387145041596257
0.9942178292071725
1.212869670176824
1.1700431062998011
-1.1365787217256913
-1.1620727579226344
-1.1044303647067835
0.08314944181421655
0.034892000560178285
-0.12422290267147176
-1.3298241919826377
-1.181688912284545
-1.2309516086414858
-1.469405464623371
-1.5957796660369912
-1.8249466382382376
-0.6621969812303774
-0.4444836796313222
-0.28361274712349366
-0.6342201046414093
-0.6021592152468808
-0.5588812666061279
-0.4101729300262924
-0.23362615789660407
-0.08207871926861077
-1.8108835656682585
-1.634570051490445
-1.4219450405240694
-1.535051501595601
-1.6160899119434196
-1.5638062142529852
-0.8958536824954985
-0.7244121054097452
-0.5554407378139015
-0.19815887306289667
-0.16522434343287423
-0.15544518970865326
-0.486992842321503
-0.2547687791477725
-0.04893779296319256
-0.8270839173224951
-0.827738199815251
-0.876854915360012
-0.5535732562200582
-0.6056316344244731
-0.6481136767596811
0.2709030034274256
0.2781699638827543
0.32844670991852254
-1.9202443619802088
-1.98964650888909
-1.6162734770980027
-1.016050171272828
-0.9522999916415033
-0.9429829553319149
-0.0779475107618506
-0.14919630120564087
-0.2821029031738975
-0.5269469563453641
-0.5765996432014122
-0.6271106004445635
-0.5343154829217974
-0.484198115445578
-0.333004525376042
-0.9590723805729221
-0.6424060628862711
-0.3826908492026023
-1.13191017447231
-1.2268823108521782
-1.2368646789835225
-0.43718385023413586
-0.5801345057176592
-0.739901709586141
0.7222102237446886
0.663911968769554
0.5408950031547007
-0.8534576246178927
-0.9085483606550817
-1.0437168322345136
-0.6066271857489286
-0.7721101434406792
-0.7507219130585817
-0.7148650509286509
-0.5629330844419607
-0.4284898310087219
-1.7040360814835975
-1.5563149121912727
-1.4957466890109157
-0.351258493644389
-0.48863109252868364
-0.8018277847762633
-0.266614615629731
-0.42169511386138475
-0.5521785474887405
-0.020136507935870462
0.0058973444094801986
-0.0020296586477398515
-0.32208216865073713
-0.250086674795924
-0.21555353253039317
-0.4852138561235898
-0.4523895342952292
-0.3693401373739483
-0.9847380219497287
-0.7544199538582597
-0.8293127424284596
-0.6996973254753669
-0.9596348825494383
-1.3176700148810339
-0.02659802927703614
-0.08673606371649425
-0.13126833500264107
-0.6195251479278377
-0.7286253919119234
-0.713886360742384
0.07766710684557741
0.08748984079247979
0.19941817859148947
-1.0817287008616034
-0.9859290306068138
-0.8572421280778658
-0.8588686404854791
-0.7965589433079683
-0.6188630305537681
-0.48299146840547497
-0.39038924590230306
-0.2547110457672473
-1.065103593915661
-1.0381451518316402
-1.0182043859842307
-1.1710778837723337
-1.2307348728260732
-1.1577696021651875
-0.6535898181578068
-0.8560260381846383
-0.9916791906563583
-1.200520466974367
-1.4454230735568983
-1.432136183414339
-0.6381227356099084
-0.9634215247127149
-1.353231179315809
-0.4060250717090195
-0.5143784788787413
-0.5054830068556726
0.12055640649732391
0.5619770378486636
0.7482662666127602
-0.42566084205832005
-0.37909461923667054
-0.3190160178909573
-0.5278612524942062
-0.19600606108061985
0.08670945338171869
-0.7068694158163633
-0.7312018909424245
-1.046889621370747
-0.4419083227153394
-0.590005135386959
-0.7298488997160608
0.7910709806999797
0.5014086269561084
0.0797586672204843
-1.6563620064678466
-1.4196972367038396
-1.1258819306894532
-1.4554308103679663
-1.5511145651100549
-1.583635062848939
-0.4365075990127217
-0.4670527126950468
-0.5531190070133668
-0.7357955110054933
-0.6188489389106939
-0.47306600548352784
-0.3076931947811343
-0.2236826858800514
-0.3340349748642703
-1.268422769783221
-1.316093216482563
-1.442165074081923
-0.9434140028108746
-0.5953851906156797
-0.2859660154315098
-0.1774598716484862
-0.1572804126858667
-0.05733421987514943
-0.13244067731152392
-0.32397798847338466
-0.4758256385039856
-1.5572604091312616
-1.7010511927615029
-1.7316089584125227
-0.3044710783399061
-0.655459151425403
-0.6549125000835435
-0.9826925029956328
-0.9870313637157859
-0.906614810264873
0.21660728022688389
0.36509080905192576
0.40317165847135594
-0.39223713313661823
-0.3417871701533837
-0.2346314135282265
-1.2349503710195406
-0.887578704663413
-0.6632358608577547
-0.08385243324528581
-0.3271589638915799
-0.47842877857031696
-0.9785696484329024
-1.130004850741445
-0.935848335316075
-0.8159979871171428
-0.627706409613796
-0.5074810855580576
-0.6338963862801419
-0.37611159152481966
-0.20451174399662192
-0.407749475085618
-0.3198645742219943
-0.15861851051448989
-0.6348655376914712
-0.5083873572534302
-0.4307557471915375
-0.5698101772344223
-0.5567871288505798
-0.44478528573460474
-1.3079013772499315
-1.1666127997092537
-1.1105582502422673
-0.18041081451963903
0.039211590384888695
0.20299953499653264
-0.28212104714830033
-0.2294679346099363
-0.21257682331421246
-0.3699685129437853
-0.6138873062017958
-1.0078119841369562
0.06771048068245036
-0.00018028100744551384
-0.06245555858678212
-0.047077690433453105
-0.18041927764719864
-0.25517002029324515
-0.512670881833287
-0.6566041455268085
-0.854744958624845
0.1382499991537226
-0.2795107627444532
-0.6123988774112625
-0.08559876898708035
-0.2205763518313168
-0.4109192063082674
-0.9058198536244755
-0.8478758501072187
-0.7078011557583304
-0.5436542870722589
-0.34430935949616814
-0.23243256729081765
0.2723875287198404
0.05824528238800947
-0.19889539044330348
-1.1386576620681406
-1.076164415146637
-0.987958561071247
-0.6202224640834754
-0.709280708527076
-0.7193146720643375
-1.224589642001753
-0.8752895087130534
-0.5946313637376361
-1.0008206515993063
-0.8272846217653111
-0.829339976098174
-0.4155218826916205
-0.3483408805134494
-0.3801409606112464
-1.4347291848082793
-1.3521252904505006
-1.2748177992386083
-0.3171322355570302
-0.2361581943773412
-0.26064167620494505
-1.0720900147912147
-1.272459358419462
-1.3929608283489332
-0.8416753488276524
-1.07607906051786
-1.1895072029900147
-0.5971483279920154
-0.8887371704464688
-1.1061611914132041
-0.7804566886070523
-1.094404053191332
-1.2749260324859493
-0.6799835311109311
-0.5707615618436805
-0.4989785658169702
-0.15369866633604862
-0.1209211295413
0.009194674630868205
-0.2921518681678271
-0.1359381528451235
-0.13965968604382545
-1.2965110314943422
-1.1515771826471448
-1.0473396596709992
0.7265301768680097
1.1954386463984625
1.3544965952127637
-1.0846151541407845
-1.1636999292642787
-1.1503770665174722
1.2576825718023956
1.0876039155245538
0.9130755004287991
-0.32474360251078294
-0.10290468160941726
-0.07222134243128614
-0.45221514354618364
-0.4665193660910883
-0.6743779144599138
-0.7317081701623727
-0.5215238783468535
-0.2606638187731229
0.41944047331355944
0.4949779157618841
0.49125231748981957
0.954430182269146
1.0706141285263802
1.181377001479462
-0.6369146168245141
-0.5931442585475384
-0.40552160374711177
-0.7624463952471356
-0.9669020185506378
-0.8714611056156241
0.13222832045591582
0.28612502781601845
0.25627750406132094
0.48123657027806677
0.46318024273423797
0.4674491629122796
-0.1557433929283876
0.19509669894980944
0.393555442354798
-0.1437896221006249
-0.07519339764031155
0.03588091354124735
0.20195465412803376
0.08479027191121742
0.0874393313762048
0.32531189764717844
0.31097747445830903
0.33306734853758413
0.005112351173485491
0.03407629260064732
0.1356904176808188
-0.814680601422551
-0.9104043885097595
-0.8815040900305572
0.334343875894094
0.3212005034245009
0.31258438582995235
-0.07030649540896139
-0.34633466990024153
-0.7578763803871481
-0.09158160631350291
0.06791074436406501
0.23458038734289646
-0.28782807751238676
-0.17540508422576812
0.19019659827029678
-0.7585549194891289
-0.5059263727688623
-0.2569440478328816
0.22700926201777819
0.3894407289878712
0.5034992450499649
1.0233049280072208
1.0061456170699086
0.8156458011463666
-0.44420054226631434
-0.6287883644181056
-0.747875993819212
-0.07796874987612162
-0.09175392720257092
0.04191697539785644
-0.30265053889272997
-0.21185140324506713
-0.144732506214943
-1.4797731903448832
-1.33935116702794
-1.2355960868882638
-0.8258115983933181
-0.7479393918911122
-0.7476381658956825
0.713184841843962
0.7741550285772894
0.8391916981817449
0.6958261160137673
0.9127561235122621
1.0839495883288635
0.09885024031503703
0.23070422362835258
0.3015506940537959
-0.2968608115251746
-0.35350800987171177
-0.2994117331686301
-0.14926801194745845
-0.13751685290871063
-0.14465621432933656
-0.5081078175670712
-0.3222105684750665
-0.3249622777332905
0.17386405637424562
0.20948478746626467
0.1271335034983571
0.07933961338035472
0.12059298385821704
0.20045587042422608
0.5249280570210371
0.48693239787903314
0.45231287586095004
-0.21287379752887978
-0.4340574822105503
-0.5914373663937783
-0.15162451092288476
-0.1173938717732218
0.05029513034214976
0.31944375253581786
0.5204763802157076
0.5516242298244373
-0.35531074784733413
-0.4092447502401711
-0.4950004020791779
0.3086617597111536
0.03710184927296534
-0.0976995981611834
-0.5090661544352966
-0.47716440571734187
-0.3972859596779517
0.04552822842089946
0.07408390751821695
0.04816165460361722
-0.20224198507957553
-0.5007082526281028
-0.9173005263974161
0.6523328256333998
0.5533758959653039
0.47346802973106406
0.7221561811891275
0.9262316433627038
1.0344792739459456
-0.006782584531535477
-0.008952798402258148
0.03658443664105426
-0.04356708370251677
0.17878189920404605
0.4035710751969992
-0.3472486015029326
-0.398718116097285
-0.4758127825692139
-0.24973664061428694
-0.34119461192763495
-0.4947265434136335
0.275441718698712
0.22302516537781425
0.22020044514925075
-0.37539387919523953
-0.31326649660877703
-0.11524503500203022
-0.6214388490099336
-0.6802738272813933
-0.6737604373495021
0.17701072582192676
0.20738143680745588
0.21109686509002618
0.24456662953450942
0.26887482434907123
0.3067390858334585
-0.1073011514257092
-0.04304845428024912
-0.1681275582348275
-0.603485345771086
-0.7742180151611207
-0.9638894050460936
-0.28996820883647323
-0.14167440449678803
0.14223503846381272
0.7230324857646186
0.7866640368184864
0.7385605806277586
0.09605207516619965
0.1830634464573563
0.27373493747797734
-0.5057347124058607
-0.8871288218653692
-1.1556330373931236
-0.3189926932060723
-0.7210855327594001
-0.6674256360811781
-0.13475012261175712
-0.3056283266081314
-0.3946681430083754
0.3552204607034238
0.6408088807921277
0.9402375595655164
0.37456706380164345
0.505467832093592
0.6883783438733369
-0.17151875625241214
-0.031501642351053016
0.012081197028645352
0.07409346215936473
-0.16398312541435534
-0.3565305297297272
0.2696757038272892
0.24248227748093334
0.1300024859897222
0.051597026606654564
0.1879092156309087
0.19749306055247193
-0.34591418147193
-0.12146156867099472
0.08076394796629005
0.41868601101940417
0.4830689249994522
0.6246539497604108
-0.23832577158432078
-0.24189782821125883
-0.18093198789883672
0.36085528823888047
0.4926788530796349
0.6051647435380006
-0.4855030567328131
-0.40859268229167567
-0.3540261214864547
0.39050561760703795
0.221350168293229
0.05511711997387968
0.22863036258104136
0.2898148424983738
0.32570398021198554
0.9593934895239192
0.8937692320943236
0.6922986626849612
0.31764140216681325
0.2847610304041902
0.3064608272682161
0.17282533385237447
0.3286262432407272
0.3461214750710946
0.7344389559678687
0.8321108510986409
0.922779761492539
0.8657890623974561
0.7444536570717916
0.4815941509051161
0.9658897517977814
0.9975445025141955
0.8662403198580932
0.04727993547766554
0.10812302072147464
0.25531624820285903
-0.18164149425331014
0.04110596992646569
0.3304791392862087
0.8590310204161042
0.8036649067275258
0.8047957548591326
0.23527905486309347
0.285529046081938
0.19901974488237317
-0.09434292102792924
-0.0744447973524018
-0.21430285643086555
-0.18202985771717423
-0.5177031540383215
-0.9071648104036034
-0.6101249480968319
-0.5996035281241179
-0.5971974289125135
0.30028881157191756
0.2542266285042267
0.08640564402095569
-0.024756785922120383
0.038046875097275806
0.1079556821090876
0.10134505479967913
0.13440817747426337
0.15612103409779232
-0.9978306997966064
-1.160686333431066
-1.124186243228381
-0.2544051290327861
-0.4124837136111058
-0.5988227854575298
-0.28975758500344795
-0.26136128856617336
-0.41274411951762724
-0.4310839515360499
-0.42848467480525726
-0.2519490287254335
-0.1398730011379083
-0.23170845811433222
-0.32382571355655415
0.0629240540152794
0.4248942692327694
0.7922543344879605
0.3290881549496055
0.32915108996469133
0.21572756520832148
-0.03468344184757824
0.04675258524228182
-0.014130992751045984
0.8358294764331985
1.0482982327589552
1.1627684395905709
*