05110215
29354192
15224934
68645762
58685043
10317882
68487619
36014317
24752814
72400544
02943705
26381608
21728444
82531124
18726353
39461866
29085983
59745690
68073453
20138909
09127818
03438663
05479013
05913259
19461265
07649936
80364394
08675433
77258909
71094130
06195160
56310756
40249013
14709203
60331447
69762291
83347940
61294865
33115359
05237559
80890487
21258124
24709830
56122744
64909473
03324602
14110970
15279936
39705653
81787925
23938649
18374898
10996051
40254349
65698622
60453530
12171404
62481715
57224132
26884383
10624767
18557802
61268438
01927022
26487687
22325636
77529100
17839465
41312549
66497215
