43785521
64840843
51658468
16165149
02902587
49121485
13344262
66291234
62232905
18970787
41629020
62240418
59471417
25321565
56361331
66491826
64514366
04232638
12911784
59012459
48695921
42773219
45096338
45407617
57091809
46708079
20676632
47642589
19191162
17004507
45443147
00581232
68068348
50802698
04945290
16273130
25400641
08036264
65745723
44342938
22818400
59270245
61755663
69183929
10349144
42139842
50267880
53206417
67110941
23564879
61681169
54737312
49678779
68186100
10637684
06609523
49928803
09475334
01074023
64405905
49122253
55908048
06821372
41571338
62348621
60161546
19991057
54199738
68469737
11549816
